-0.0451379
-0.0452013
-0.0452013
-0.045327
-0.045327
-0.0455114
-0.0457531
-0.0457531
-0.0460502
-0.0464016
-0.0464016
-0.0468065
-0.0468065
-0.0472634
-0.0477717
-0.0477717
-0.0483297
-0.0489372
-0.0495952
-0.0495952
-0.0503041
-0.0510632
-0.0510632
-0.0518705
-0.0527278
-0.0536376
-0.0536376
-0.0545977
-0.0556084
-0.0566717
-0.0577874
-0.0577874
-0.0589553
-0.060177
-0.0614567
-0.0627898
-0.0641806
-0.0641806
-0.0656253
-0.0671304
-0.0686951
-0.0703376
-0.072056
-0.0738103
-0.0752977
-0.0760624
-0.0749042
-0.0692053
-0.0591835
-0.0490694
-0.0388265
-0.0276631
-0.0164591
0.00319334
0.0270836
0.0314074
0.0448012
0.0565186
0.077934
0.0877977
0.0978507
0.106605
0.123415
0.130887
0.144212
0.150233
0.155429
0.164585
0.171759
0.174683
0.179074
0.180597
0.182454
0.182693
0.181333
0.178075
