-0.0027529
-0.002746
-0.002746
-0.00273253
-0.00273253
-0.00271279
-0.00268709
-0.00268709
-0.00265572
-0.00261896
-0.00261896
-0.00257709
-0.00257709
-0.00253038
-0.00247907
-0.00247907
-0.00242341
-0.00236366
-0.00230003
-0.00230003
-0.00223277
-0.00216208
-0.00216208
-0.00208819
-0.00201129
-0.00193161
-0.00193161
-0.00184932
-0.00176463
-0.00167772
-0.00158877
-0.00158877
-0.00149796
-0.00140547
-0.00131145
-0.00121607
-0.0011195
-0.0011195
-0.00102188
-0.000923369
-0.000824105
-0.000724231
-0.000623883
-0.000523193
-0.00042229
-0.000321295
-0.000220329
-0.000119505
-1.89358e-05
8.12406e-05
0.000180941
0.00028014
0.000378746
0.000573738
0.000669948
0.000765193
0.000859402
0.000952526
0.00113694
0.00123508
0.00136144
0.00157231
0.00235974
0.00278168
0.00358793
0.00396955
0.00433522
0.00501447
0.00561832
0.00589013
0.00637073
0.00657873
0.00692883
0.00719044
0.00736398
0.00745112
