-0.0374688
-0.0375129
-0.0375129
-0.0375992
-0.0375992
-0.0377261
-0.0378921
-0.0378921
-0.0380943
-0.0383344
-0.0383344
-0.0386102
-0.0386102
-0.0389189
-0.0392631
-0.0392631
-0.0396386
-0.0400483
-0.0404879
-0.0404879
-0.0409589
-0.041463
-0.041463
-0.0419955
-0.0425579
-0.0431529
-0.0431529
-0.0437751
-0.0444264
-0.045107
-0.0458196
-0.0458196
-0.0465584
-0.0473256
-0.0481211
-0.0489453
-0.0497977
-0.0497977
-0.0506781
-0.0515866
-0.0525225
-0.0534856
-0.0544767
-0.0555226
-0.0565459
-0.0572677
-0.0575486
-0.0572707
-0.0556837
-0.0506856
-0.0423473
-0.0331669
-0.0238887
-0.00719909
0.0109559
0.0225743
0.0307024
0.0436994
0.0643314
0.0742446
0.0828648
0.0907602
0.10453
0.110375
0.12037
0.124581
0.128344
0.134585
0.139306
0.141163
0.143983
0.144994
0.146344
0.146945
0.147086
0.147054
