-0.0377314
-0.039472
-0.039472
-0.0387416
-0.0387416
-0.0387561
-0.0388652
-0.0388652
-0.0389898
-0.0391341
-0.0391341
-0.0392982
-0.0392982
-0.0394813
-0.0396822
-0.0396822
-0.0398999
-0.0401334
-0.0403817
-0.0403817
-0.0406438
-0.0409185
-0.0409185
-0.0412051
-0.0415026
-0.04181
-0.04181
-0.0421264
-0.0424509
-0.0427825
-0.0431203
-0.0431203
-0.0434634
-0.0438105
-0.0441608
-0.0445141
-0.044871
-0.044871
-0.04523
-0.0455825
-0.0459148
-0.0462297
-0.0465723
-0.0470257
-0.0476418
-0.0483311
-0.0487881
-0.0485259
-0.0470204
-0.0438853
-0.0389872
-0.0324566
-0.0246124
-0.00657523
0.00295853
0.0125583
0.0221287
0.0316083
0.0500711
0.0589552
0.0675496
0.0758146
0.0912239
0.0983171
0.111194
0.116958
0.122266
0.131516
0.138975
0.142052
0.146953
0.148797
0.151327
0.15233
0.151345
0.137842
