-0.0173495
-0.0173495
-0.0173253
-0.0173253
-0.0173253
-0.0172785
-0.0172785
-0.0172106
-0.0172106
-0.0171225
-0.0171225
-0.0170149
-0.0170149
-0.0170149
-0.0168885
-0.0168885
-0.0167435
-0.0167435
-0.0165804
-0.0165804
-0.0163992
-0.0163992
-0.0162
-0.0162
-0.0159831
-0.0157483
-0.0157483
-0.0154958
-0.0154958
-0.0152255
-0.0152255
-0.0149376
-0.0146322
-0.0146322
-0.0143092
-0.0139688
-0.0139688
-0.0136112
-0.0132365
-0.0132365
-0.012845
-0.0124369
-0.0120126
-0.0120126
-0.0115723
-0.0111163
-0.010645
-0.0101595
-0.00965736
-0.00913255
-0.00858948
-0.0079747
-0.0072106
-0.00632031
-0.00527608
-0.00398538
-0.00170356
0.00127749
0.00448558
0.0112584
0.0145038
0.0177592
0.0241628
0.0272367
0.033171
0.0387089
0.0413096
0.0461737
0.0505575
0.0544483
0.0578384
0.0620511
0.0643063
0.0669214
0.0687027
0.0699582
