-0.020593
-0.020593
-0.0205697
-0.0205697
-0.0205697
-0.0205257
-0.0205257
-0.0204615
-0.0204615
-0.0203781
-0.0203781
-0.020276
-0.020276
-0.020276
-0.0201555
-0.0201555
-0.020017
-0.020017
-0.0198604
-0.0198604
-0.0196858
-0.0196858
-0.0194932
-0.0194932
-0.0192824
-0.0190534
-0.0190534
-0.0188061
-0.0188061
-0.0185402
-0.0185402
-0.0182559
-0.0179529
-0.0179529
-0.0176312
-0.0172909
-0.0172909
-0.0169319
-0.0165543
-0.0165543
-0.0161583
-0.015744
-0.0153116
-0.0153116
-0.0148612
-0.014393
-0.0139068
-0.0134
-0.0128661
-0.0122989
-0.0116632
-0.0108569
-0.00981399
-0.0087064
-0.0069478
-0.0040317
-0.00163458
0.0045727
0.00830368
0.0157643
0.0195963
0.023499
0.0310179
0.0346449
0.0415766
0.0480068
0.0510162
0.0565986
0.0615843
0.0659715
0.0697736
0.0744359
0.0768993
0.0797226
0.0816193
0.0829338
