-0.0379493
-0.0379794
-0.0379794
-0.0380323
-0.0380323
-0.0381128
-0.0382178
-0.0382178
-0.0383461
-0.0384958
-0.0384958
-0.0386666
-0.0386666
-0.0388568
-0.0390655
-0.0390655
-0.0392906
-0.0395337
-0.0397914
-0.0397914
-0.040065
-0.0403507
-0.0403507
-0.0406501
-0.040958
-0.0412785
-0.0412785
-0.0416077
-0.0419459
-0.0422907
-0.0426473
-0.0426473
-0.0429943
-0.0433754
-0.0437137
-0.0441114
-0.044435
-0.044435
-0.0448927
-0.0450687
-0.0457902
-0.0455472
-0.046731
-0.0461634
-0.0473567
-0.0471909
-0.0477272
-0.0480291
-0.0474054
-0.0442612
-0.0403823
-0.0319625
-0.0258841
-0.00988211
0.0078412
0.0110641
0.0191085
0.0281179
0.0470271
0.0555352
0.0643895
0.0722073
0.0873153
0.0944058
0.10691
0.112466
0.117698
0.126795
0.134224
0.137325
0.142353
0.144287
0.147061
0.1484
0.148237
0.146135
