-0.0374198
-0.0374198
-0.0375208
-0.0375208
-0.0375208
-0.0377149
-0.0377149
-0.0379954
-0.0379954
-0.0383562
-0.0383562
-0.0387927
-0.0387927
-0.0387927
-0.0393005
-0.0393005
-0.0398761
-0.0398761
-0.0405163
-0.0405163
-0.0412187
-0.0412187
-0.0419795
-0.0419795
-0.0427977
-0.0436705
-0.0436705
-0.0445961
-0.0445961
-0.045571
-0.045571
-0.0465955
-0.0476667
-0.0476667
-0.0487846
-0.0499444
-0.0499444
-0.0511456
-0.0523866
-0.0523866
-0.0536647
-0.054981
-0.0563787
-0.0563787
-0.057613
-0.058324
-0.0585059
-0.0575714
-0.0540069
-0.0465273
-0.0378578
-0.028906
-0.0198318
-0.0113894
-0.000692961
0.018603
0.0280084
0.0387483
0.0534344
0.0736304
0.0830844
0.0912511
0.105709
0.111741
0.121923
0.129991
0.133352
0.138898
0.143095
0.146158
0.148278
0.150132
0.150695
0.150912
0.150633
0.150002
