-0.00814851
-0.00813326
-0.00813326
-0.00810343
-0.00810343
-0.00805965
-0.0080025
-0.0080025
-0.00793253
-0.00785023
-0.00785023
-0.00775608
-0.00775608
-0.00765052
-0.00753395
-0.00753395
-0.00740676
-0.00726933
-0.007122
-0.007122
-0.0069651
-0.00679897
-0.00679897
-0.00662391
-0.00644022
-0.00624819
-0.00624819
-0.00604811
-0.00584027
-0.00562493
-0.00540237
-0.00540237
-0.00517287
-0.00493669
-0.00469409
-0.00444535
-0.00419074
-0.00419074
-0.00393051
-0.00366494
-0.0033943
-0.00311884
-0.00283884
-0.00255457
-0.00226631
-0.00197436
-0.00167892
-0.00138027
-0.00107872
-0.000774536
-0.000468002
-0.00015946
0.000150778
0.000775325
0.0010896
0.00140578
0.00172627
0.0020588
0.00287456
0.00350401
0.00443687
0.00572284
0.00858613
0.009905
0.0124627
0.0136663
0.0148158
0.0169457
0.0188299
0.019673
0.0211585
0.0217989
0.0228726
0.0236703
0.0241954
0.0244513
