-0.0374323
-0.0374323
-0.0374766
-0.0374766
-0.0374766
-0.0375607
-0.0375607
-0.0376804
-0.0376804
-0.0378311
-0.0378311
-0.0380086
-0.0380086
-0.0380086
-0.0382087
-0.0382087
-0.0384269
-0.0384269
-0.0386595
-0.0386595
-0.0389024
-0.0389024
-0.0391517
-0.0391517
-0.0394033
-0.0396536
-0.0396536
-0.0398989
-0.0398989
-0.040136
-0.040136
-0.0403623
-0.0405741
-0.0405741
-0.0407687
-0.0409425
-0.0409425
-0.0410934
-0.0412205
-0.0412205
-0.041321
-0.0413928
-0.0414304
-0.0414304
-0.0414445
-0.0414261
-0.0413582
-0.0410908
-0.0401101
-0.037554
-0.0328105
-0.0260514
-0.0180964
-0.00983107
-0.00170571
0.00629661
0.0143822
0.0227494
0.0311641
0.0473797
0.0551397
0.0627743
0.0769671
0.0835638
0.0957308
0.10641
0.11119
0.119717
0.126881
0.132797
0.137564
0.142839
0.145185
0.147136
0.147613
0.145409
