-0.0337792
-0.0337872
-0.0337872
-0.0338027
-0.0338027
-0.033825
-0.0338535
-0.0338535
-0.0338872
-0.0339254
-0.0339254
-0.0339673
-0.0339673
-0.0340118
-0.034058
-0.034058
-0.0341048
-0.0341513
-0.0341962
-0.0341962
-0.0342386
-0.0342772
-0.0342772
-0.034311
-0.0343389
-0.0343594
-0.0343594
-0.0343714
-0.0343741
-0.0343661
-0.0343463
-0.0343463
-0.0343134
-0.0342662
-0.034204
-0.0341246
-0.0340275
-0.0340275
-0.0339122
-0.0337774
-0.0336217
-0.0334417
-0.0332456
-0.0330129
-0.0327621
-0.0324933
-0.0321823
-0.0318702
-0.0315318
-0.0310318
-0.0299629
-0.0277937
-0.0240382
-0.0115753
-0.00375032
0.00427541
0.0120446
0.0194506
0.0338821
0.0410637
0.0481577
0.054851
0.0674842
0.0735061
0.0844673
0.0895619
0.0943221
0.102849
0.110124
0.113356
0.118788
0.121011
0.12466
0.127164
0.128547
0.128722
