-0.00511903
-0.00510939
-0.00510939
-0.00509051
-0.00509051
-0.00506281
-0.00502668
-0.00502668
-0.00498245
-0.00493047
-0.00493047
-0.00487105
-0.00487105
-0.00480448
-0.00473105
-0.00473105
-0.004651
-0.0045646
-0.00447209
-0.00447209
-0.0043737
-0.00426964
-0.00426964
-0.00416014
-0.0040454
-0.00392563
-0.00392563
-0.00380102
-0.00367176
-0.00353805
-0.00340007
-0.00340007
-0.00325801
-0.00311204
-0.00296235
-0.00280911
-0.00265251
-0.00265251
-0.00249272
-0.0023299
-0.00216425
-0.00199592
-0.00182509
-0.00165193
-0.00147661
-0.0012993
-0.00112017
-0.000939383
-0.000757108
-0.000573508
-0.000388739
-0.00020298
-1.64538e-05
0.000358084
0.000546004
0.00073442
0.000923649
0.00111551
0.00154788
0.00185619
0.00231977
0.00300702
0.0048388
0.00576647
0.00754718
0.00839386
0.00920748
0.010725
0.0120809
0.0126933
0.0137794
0.0142507
0.0150457
0.0156411
0.0160367
0.0162358
