-0.0247601
-0.0247601
-0.0247539
-0.0247539
-0.0247539
-0.0247419
-0.0247419
-0.0247242
-0.0247242
-0.0247004
-0.0247004
-0.0246703
-0.0246703
-0.0246703
-0.0246334
-0.0246334
-0.0245892
-0.0245892
-0.0245369
-0.0245369
-0.0244762
-0.0244762
-0.0244062
-0.0244062
-0.0243264
-0.0242361
-0.0242361
-0.0241348
-0.0241348
-0.0240219
-0.0240219
-0.0238968
-0.023759
-0.023759
-0.0236081
-0.0234436
-0.0234436
-0.0232653
-0.0230726
-0.0230726
-0.0228653
-0.0226433
-0.0224061
-0.0224061
-0.0221526
-0.0218794
-0.0215809
-0.0212503
-0.0208682
-0.0203608
-0.0195437
-0.0181269
-0.0158322
-0.0125538
-0.00842008
-0.00370288
0.0013344
0.00652411
0.011782
0.0223297
0.0275501
0.0326929
0.0426326
0.0473798
0.0563315
0.0644738
0.0682231
0.0750686
0.0810606
0.0862474
0.0907026
0.0962265
0.0993193
0.103529
0.10825
0.117676
