-0.00889721
-0.00888752
-0.00888752
-0.00886842
-0.00886842
-0.00884036
-0.00880364
-0.00880364
-0.00875854
-0.00870532
-0.00870532
-0.00864416
-0.00864416
-0.00857526
-0.00849877
-0.00849877
-0.00841483
-0.00832354
-0.00822503
-0.00822503
-0.00811936
-0.00800661
-0.00800661
-0.00788686
-0.00776015
-0.00762654
-0.00762654
-0.00748607
-0.00733878
-0.00718472
-0.00702392
-0.00702392
-0.00685641
-0.00668224
-0.00650143
-0.00631403
-0.00612007
-0.00612007
-0.0059196
-0.00571267
-0.00549931
-0.00527959
-0.00505356
-0.00482129
-0.00458283
-0.00433826
-0.00408765
-0.00383109
-0.00356866
-0.00330045
-0.00302656
-0.00274706
-0.00246196
-0.0018729
-0.00156375
-0.00123287
-0.000855401
-0.000382427
0.00118364
0.0024571
0.00408647
0.00597402
0.00997656
0.0119455
0.0157498
0.0175699
0.0193257
0.0226178
0.0255769
0.0269184
0.0293044
0.0303423
0.0320961
0.0334124
0.0342892
0.0347332
