-0.0428791
-0.0428791
-0.0437924
-0.0437924
-0.0437924
-0.0436035
-0.0436035
-0.043878
-0.043878
-0.0442494
-0.0442494
-0.0446945
-0.0446945
-0.0446945
-0.04521
-0.04521
-0.0457913
-0.0457913
-0.0464341
-0.0464341
-0.0471346
-0.0471346
-0.0478893
-0.0478893
-0.0486951
-0.049549
-0.049549
-0.0504472
-0.0504472
-0.0513868
-0.0513868
-0.0523653
-0.0533811
-0.0533811
-0.0544331
-0.0555141
-0.0555141
-0.0566072
-0.0577059
-0.0577059
-0.0588696
-0.0602242
-0.0618039
-0.0618039
-0.0633028
-0.0639977
-0.063012
-0.0597455
-0.0541307
-0.0465547
-0.0375672
-0.0276076
-0.0169118
-0.00556063
0.0063838
0.0186605
0.030977
0.0431254
0.054959
0.077206
0.0874447
0.0970224
0.11411
0.121616
0.134633
0.145171
0.149594
0.156926
0.162473
0.166503
0.169251
0.1714
0.171732
0.170757
0.167685
0.156279
