-0.00333727
-0.00333727
-0.00331974
-0.00331974
-0.00331974
-0.00328619
-0.00328619
-0.00323804
-0.00323804
-0.00317663
-0.00317663
-0.00310316
-0.00310316
-0.00310316
-0.00301877
-0.00301877
-0.00292454
-0.00292454
-0.00282143
-0.00282143
-0.00271039
-0.00271039
-0.00259229
-0.00259229
-0.00246792
-0.00233807
-0.00233807
-0.00220345
-0.00220345
-0.00206473
-0.00206473
-0.00192256
-0.00177752
-0.00177752
-0.00163018
-0.00148106
-0.00148106
-0.00133065
-0.00117941
-0.00117941
-0.00102776
-0.000876089
-0.000724775
-0.000724775
-0.000574151
-0.000424527
-0.000276187
-0.000129387
1.56131e-05
0.000158549
0.000299346
0.000437909
0.00057407
0.000707662
0.000838563
0.00096668
0.001092
0.00121488
0.00133746
0.00163457
0.00188474
0.00224968
0.0030747
0.00347133
0.0042292
0.00493608
0.0052693
0.00589377
0.00646102
0.00697041
0.00742209
0.00799347
0.00830589
0.00867699
0.00893848
0.00913261
