-0.0447266
-0.0447266
-0.0448559
-0.0448559
-0.0448559
-0.0451012
-0.0451012
-0.0454574
-0.0454574
-0.0459148
-0.0459148
-0.0464697
-0.0464697
-0.0464697
-0.0471146
-0.0471146
-0.047843
-0.047843
-0.0486574
-0.0486574
-0.0495468
-0.0495468
-0.0505124
-0.0505124
-0.051548
-0.0526561
-0.0526561
-0.0538282
-0.0538282
-0.0550623
-0.0550623
-0.0563638
-0.0577243
-0.0577243
-0.0591379
-0.06061
-0.06061
-0.0621489
-0.0637197
-0.0637197
-0.0654031
-0.0670419
-0.0689533
-0.0689533
-0.0700989
-0.0712611
-0.0709604
-0.0661256
-0.0565018
-0.0462883
-0.0359799
-0.0255038
-0.0146341
-0.00199933
0.00538771
0.0244667
0.0371067
0.0496301
0.062829
0.085754
0.0961176
0.106279
0.124002
0.131555
0.145138
0.156131
0.160814
0.168299
0.173782
0.177509
0.179693
0.180473
0.179543
0.176147
0.170079
0.157364
