-0.0271358
-0.027139
-0.027139
-0.0271458
-0.0271458
-0.0271555
-0.027168
-0.027168
-0.027183
-0.0272002
-0.0272002
-0.0272194
-0.0272194
-0.0272401
-0.0272622
-0.0272622
-0.0272851
-0.0273088
-0.0273327
-0.0273327
-0.0273565
-0.0273799
-0.0273799
-0.0274025
-0.027424
-0.027444
-0.027444
-0.0274621
-0.027478
-0.0274912
-0.0275015
-0.0275015
-0.0275083
-0.0275114
-0.0275104
-0.0275049
-0.0274944
-0.0274944
-0.0274787
-0.0274573
-0.0274298
-0.0273957
-0.0273545
-0.0273048
-0.0272445
-0.0271689
-0.0270601
-0.0268952
-0.0266322
-0.0260854
-0.0252763
-0.0247704
-0.0221311
-0.0130478
-0.00756699
-0.00199539
0.00173661
0.0149665
0.026269
0.0323032
0.0393624
0.0448579
0.0565954
0.0621348
0.0719684
0.076421
0.0806158
0.0880508
0.0942967
0.0969876
0.101554
0.103446
0.106491
0.108617
0.109893
0.110376
