-0.0465233
-0.0465547
-0.0466132
-0.0466132
-0.0467004
-0.0468142
-0.0469532
-0.0471164
-0.0471164
-0.0473028
-0.0475119
-0.0477424
-0.0479936
-0.0482656
-0.0482656
-0.0485576
-0.0488662
-0.0491926
-0.0495361
-0.0498978
-0.0502765
-0.0506704
-0.0510803
-0.0515018
-0.0519442
-0.0523926
-0.0528585
-0.0533356
-0.053823
-0.0543291
-0.0553734
-0.0559054
-0.0564579
-0.0570204
-0.0575828
-0.058166
-0.0593501
-0.0599593
-0.0605822
-0.061819
-0.0625036
-0.0638247
-0.0644333
-0.0650555
-0.0660917
-0.0668035
-0.0661629
-0.0603354
-0.0554941
-0.0451145
-0.0345164
-0.02294
-0.0106885
0.00507578
0.0126744
0.0265791
0.0405298
0.0548954
0.068509
0.0845012
0.0971674
0.113879
0.128232
0.136558
0.147021
0.159706
0.168248
0.174453
0.178773
0.179618
0.175705
0.168065
0.161017
0.15077
0.143369
0.135835
