-0.0242374
-0.0242416
-0.0242478
-0.024256
-0.0242661
-0.0242921
-0.0243078
-0.0243252
-0.0243443
-0.0243874
-0.0244112
-0.0244365
-0.0244914
-0.0245208
-0.0245514
-0.0246162
-0.0246503
-0.0246854
-0.0247586
-0.0247965
-0.0248747
-0.0249149
-0.0249557
-0.0250391
-0.0250816
-0.0251678
-0.0252114
-0.0252993
-0.0253878
-0.0254322
-0.0255207
-0.0255647
-0.0256521
-0.0257381
-0.0257805
-0.0258636
-0.0259441
-0.0260214
-0.0260588
-0.0261304
-0.0261975
-0.0262596
-0.026316
-0.0263663
-0.0264095
-0.0264445
-0.0264674
-0.0264657
-0.0264024
-0.0261879
-0.0256492
-0.0245263
-0.0225305
-0.0174949
-0.0128129
-0.00732912
0.00178716
0.00809653
0.0176116
0.0239181
0.0332275
0.0392818
0.0480528
0.0563644
0.064137
0.0713119
0.0778507
0.0837333
0.0889551
0.0935237
0.0974563
0.100776
0.1043
0.106305
0.10819
0.109241
