-0.0390972
-0.0378204
-0.0376495
-0.037677
-0.0376979
-0.0377357
-0.0377585
-0.0377837
-0.0378113
-0.0378731
-0.037907
-0.0379429
-0.0380199
-0.0380608
-0.0381032
-0.0381917
-0.0382377
-0.0382846
-0.0383808
-0.0384298
-0.038529
-0.0385789
-0.0386289
-0.0387284
-0.0387777
-0.0388747
-0.038922
-0.0390138
-0.0391006
-0.0391418
-0.0392191
-0.0392548
-0.0393197
-0.0393747
-0.0393982
-0.039436
-0.0394607
-0.0394708
-0.0394701
-0.0394558
-0.0394232
-0.0393721
-0.039301
-0.0391974
-0.0390569
-0.038944
-0.0389565
-0.0389652
-0.0383803
-0.0363504
-0.032307
-0.0263206
-0.018978
-0.00691792
0.00119453
0.00921643
0.02114
0.0290213
0.0406591
0.0482447
0.0593005
0.0664254
0.0766958
0.0864113
0.0955139
0.10395
0.111673
0.11864
0.124805
0.13016
0.134784
0.138772
0.143118
0.14544
0.146372
0.143126
