-0.0425299
-0.0443026
-0.0435387
-0.0435387
-0.0435463
-0.0436397
-0.0437457
-0.0438686
-0.0438686
-0.044009
-0.044166
-0.0443388
-0.0445268
-0.0447292
-0.0447292
-0.0449454
-0.0451748
-0.0454167
-0.0456706
-0.0459358
-0.0462119
-0.0464983
-0.0467944
-0.0470998
-0.0474139
-0.0477364
-0.0480667
-0.0484043
-0.0487489
-0.0490999
-0.0498196
-0.0501875
-0.05056
-0.0509369
-0.0513178
-0.0517021
-0.0524796
-0.0528719
-0.0532663
-0.0540611
-0.0544581
-0.0552336
-0.0556214
-0.0560395
-0.0570603
-0.0579638
-0.0579345
-0.0557873
-0.0534366
-0.0464785
-0.0376677
-0.0281387
-0.018277
-0.00805559
0.00257962
0.0136426
0.0250743
0.0367487
0.0485226
0.0660037
0.0772799
0.0932368
0.107704
0.116402
0.127955
0.140576
0.148122
0.15428
0.160694
0.165362
0.168463
0.170199
0.169833
0.166345
0.161266
0.155277
