-0.0400513
-0.0400639
-0.0400883
-0.0400883
-0.040124
-0.0401703
-0.0402266
-0.0402924
-0.0402924
-0.0403669
-0.0404496
-0.04054
-0.0406372
-0.040741
-0.040741
-0.0408505
-0.0409654
-0.0410848
-0.0412084
-0.0413357
-0.041466
-0.0415987
-0.0417335
-0.0418698
-0.0420069
-0.0421446
-0.0422822
-0.0424192
-0.0425553
-0.0426898
-0.0429521
-0.0430796
-0.0432038
-0.0433242
-0.0434404
-0.0435521
-0.0437602
-0.043856
-0.0439452
-0.0441044
-0.044174
-0.0442904
-0.0443384
-0.0443758
-0.0444281
-0.0444413
-0.0444264
-0.0441659
-0.0436269
-0.040443
-0.0336841
-0.0250753
-0.0164725
-0.00774052
0.00138896
0.0106153
0.0199464
0.0293534
0.038674
0.0524138
0.0612817
0.074013
0.0858879
0.0932369
0.103408
0.115211
0.122716
0.129834
0.137856
0.149273
0.158984
0.164641
0.162702
0.152343
0.141691
0.130031
