-0.0146691
-0.0146622
-0.0146485
-0.0146485
-0.0146284
-0.0146022
-0.0145699
-0.0145318
-0.0145318
-0.014488
-0.0144385
-0.0143836
-0.0143231
-0.0142573
-0.0142573
-0.014186
-0.0141095
-0.0140276
-0.0139404
-0.0138479
-0.0137501
-0.013647
-0.0135386
-0.0134248
-0.0133058
-0.0131814
-0.0130516
-0.0129165
-0.0127761
-0.0126302
-0.0123224
-0.0121604
-0.0119931
-0.0118204
-0.0116423
-0.0114588
-0.011076
-0.0108767
-0.0106721
-0.0102472
-0.0100271
-0.00957158
-0.00933632
-0.00909613
-0.00860125
-0.0080875
-0.00782374
-0.00728288
-0.00700597
-0.00643962
-0.00585719
-0.00525891
-0.00464204
-0.00399099
-0.003252
-0.00229804
-0.00093466
0.000990633
0.00344547
0.00764446
0.0105162
0.0147772
0.0189446
0.0216566
0.0256051
0.0306087
0.0341372
0.0374531
0.0415187
0.0451566
0.0483542
0.0517312
0.0539484
0.0565091
0.0579943
0.0591941
