-0.0360608
-0.0360636
-0.0360679
-0.0360735
-0.0360803
-0.0360975
-0.0361077
-0.0361189
-0.0361309
-0.036157
-0.036171
-0.0361855
-0.0362155
-0.0362307
-0.036246
-0.0362763
-0.036291
-0.0363053
-0.036332
-0.0363442
-0.0363657
-0.0363747
-0.0363824
-0.0363933
-0.0363961
-0.036396
-0.0363926
-0.036379
-0.036355
-0.0363387
-0.0362966
-0.0362705
-0.0362077
-0.0361295
-0.0360844
-0.0359812
-0.0358599
-0.035719
-0.0356411
-0.0354688
-0.0352735
-0.0350542
-0.0348104
-0.0345406
-0.0342445
-0.0339203
-0.0335659
-0.0331813
-0.0327496
-0.0319198
-0.0297032
-0.0251254
-0.0183161
-0.00661931
0.00098494
0.00854631
0.0199375
0.0273693
0.0383454
0.0454386
0.0557374
0.062303
0.071696
0.0804567
0.0885455
0.0959319
0.102593
0.108517
0.113708
0.118192
0.121991
0.124695
0.131247
0.13855
0.134548
0.121824
