-0.042736
-0.0427507
-0.0427733
-0.0428032
-0.0428402
-0.0429346
-0.0429921
-0.0430562
-0.0431261
-0.0432912
-0.0433913
-0.0434972
-0.0436666
-0.0438568
-0.0438934
-0.0442826
-0.0442901
-0.0443072
-0.0444859
-0.0454005
-0.0450719
-0.0453742
-0.0454051
-0.0456757
-0.0461251
-0.0462924
-0.0467739
-0.0473652
-0.0475721
-0.0464617
-0.0482399
-0.0487374
-0.0498707
-0.0496988
-0.0485957
-0.0498374
-0.0501258
-0.0503196
-0.0504318
-0.0509854
-0.0514579
-0.0517908
-0.0521088
-0.0525141
-0.0530541
-0.0532676
-0.0537135
-0.0530069
-0.0483186
-0.0415428
-0.0330725
-0.0272829
-0.0230872
0.00452787
0.0135119
0.031419
0.0378128
0.0478096
0.0668946
0.068241
0.0800856
0.0885029
0.0985033
0.108014
0.117519
0.126489
0.133778
0.139835
0.144871
0.14934
0.154492
0.159293
0.160907
0.156421
0.146319
0.138628
