-0.0420239
-0.0420239
-0.042129
-0.042129
-0.042129
-0.042332
-0.042332
-0.0426249
-0.0426249
-0.0430015
-0.0430015
-0.0434565
-0.0434565
-0.0434565
-0.0439853
-0.0439853
-0.0445839
-0.0445839
-0.0452488
-0.0452488
-0.0459767
-0.0459767
-0.0467652
-0.0467652
-0.0476118
-0.0485144
-0.0485144
-0.0494712
-0.0494712
-0.0504806
-0.0504806
-0.0515415
-0.0526523
-0.0526523
-0.053813
-0.0550223
-0.0550223
-0.0562809
-0.0575878
-0.0575878
-0.0589456
-0.0603744
-0.0618612
-0.0618612
-0.0633293
-0.0644547
-0.0646302
-0.0635506
-0.0566166
-0.0464173
-0.037337
-0.0277651
-0.0175379
-0.00787629
-0.00224108
0.0182277
0.0296437
0.0376763
0.052813
0.0734128
0.0857423
0.0936019
0.11197
0.121298
0.135224
0.14678
0.151438
0.159807
0.16619
0.170832
0.17397
0.176359
0.176671
0.175767
0.173826
0.170372
