-0.0311638
-0.0311838
-0.0311838
-0.031223
-0.031223
-0.0312806
-0.0313558
-0.0313558
-0.0314479
-0.0315565
-0.0315565
-0.0316808
-0.0316808
-0.0318205
-0.0319751
-0.0319751
-0.0321442
-0.0323273
-0.0325243
-0.0325243
-0.0327348
-0.0329585
-0.0329585
-0.0331952
-0.0334446
-0.0337066
-0.0337066
-0.0339811
-0.0342677
-0.0345665
-0.0348774
-0.0348774
-0.0352001
-0.0355348
-0.0358812
-0.0362394
-0.0366093
-0.0366093
-0.0369909
-0.0373839
-0.0377876
-0.0382004
-0.0386201
-0.0390439
-0.0394195
-0.0396901
-0.0397673
-0.039677
-0.0393072
-0.038029
-0.0350589
-0.0297042
-0.0236734
-0.0107506
-0.00455261
0.00879982
0.0176073
0.0228961
0.0413608
0.0483878
0.0567029
0.0636787
0.0775423
0.0837022
0.0947933
0.0994721
0.103627
0.110485
0.115635
0.117649
0.12073
0.121868
0.12348
0.124409
0.124853
0.125008
