-0.0351612
-0.0351852
-0.0351852
-0.0352326
-0.0352326
-0.0353022
-0.0353931
-0.0353931
-0.0355045
-0.0356358
-0.0356358
-0.0357862
-0.0357862
-0.0359553
-0.0361425
-0.0361425
-0.0363474
-0.0365695
-0.0368085
-0.0368085
-0.0370641
-0.0373359
-0.0373359
-0.0376237
-0.0379274
-0.0382467
-0.0382467
-0.0385814
-0.0389314
-0.0392967
-0.039677
-0.039677
-0.0400724
-0.0404826
-0.0409078
-0.0413476
-0.0418022
-0.0418022
-0.042271
-0.0427535
-0.0432476
-0.0437481
-0.0442445
-0.0447092
-0.0450698
-0.0452277
-0.0450538
-0.0447728
-0.0436466
-0.0398055
-0.0337159
-0.0268745
-0.0192525
-0.00285832
0.00261256
0.0222333
0.028094
0.0363624
0.0531842
0.0616283
0.0687196
0.0758172
0.0883199
0.094121
0.103911
0.108057
0.111958
0.118403
0.123397
0.125395
0.12852
0.129685
0.131319
0.132185
0.132452
0.132284
