-0.00978204
-0.00976479
-0.00976479
-0.0097312
-0.0097312
-0.0096819
-0.00961751
-0.00961751
-0.00953863
-0.00944579
-0.00944579
-0.0093395
-0.0093395
-0.00922022
-0.00908837
-0.00908837
-0.00894437
-0.00878859
-0.00862139
-0.00862139
-0.00844311
-0.00825407
-0.00825407
-0.00805458
-0.00784494
-0.00762545
-0.00762545
-0.00739639
-0.00715803
-0.00691065
-0.00665452
-0.00665452
-0.0063899
-0.00611707
-0.00583629
-0.00554782
-0.00525194
-0.00525194
-0.00494891
-0.004639
-0.00432249
-0.00399964
-0.00367075
-0.00333607
-0.0029959
-0.00265053
-0.00230023
-0.00194531
-0.00158604
-0.00122273
-0.000855597
-0.000485007
-0.000111486
0.000643708
0.00102576
0.00141179
0.00180528
0.00222107
0.00336434
0.00438351
0.00580959
0.00746778
0.0108462
0.0124518
0.0155138
0.0169541
0.0183293
0.02087
0.0231128
0.0241171
0.0258839
0.0266445
0.0279182
0.0288628
0.0294834
0.0297914
