-0.0339296
-0.0339296
-0.0340034
-0.0340034
-0.0340034
-0.0341449
-0.0341449
-0.0343491
-0.0343491
-0.0346117
-0.0346117
-0.0349288
-0.0349288
-0.0349288
-0.0352972
-0.0352972
-0.0357141
-0.0357141
-0.0361769
-0.0361769
-0.0366835
-0.0366835
-0.0372319
-0.0372319
-0.0378204
-0.0384474
-0.0384474
-0.0391115
-0.0391115
-0.0398113
-0.0398113
-0.0405456
-0.0413133
-0.0413133
-0.0421133
-0.0429448
-0.0429448
-0.0438068
-0.0446986
-0.0446986
-0.045619
-0.0465666
-0.0475358
-0.0475358
-0.0485231
-0.0494674
-0.0500725
-0.0502064
-0.049488
-0.0462498
-0.039542
-0.0321787
-0.0245256
-0.0167851
-0.0093929
-0.000276391
0.0164129
0.0211952
0.0333943
0.0540227
0.0651772
0.073986
0.0908732
0.0980798
0.11007
0.11962
0.123634
0.130359
0.135621
0.139674
0.142727
0.145832
0.147153
0.148363
0.148937
0.149188
