-0.0328739
-0.0328878
-0.0328878
-0.032914
-0.032914
-0.0329529
-0.0330032
-0.0330032
-0.0330653
-0.0331378
-0.0331378
-0.0332202
-0.0332202
-0.0333121
-0.0334124
-0.0334124
-0.0335216
-0.0336387
-0.0337632
-0.0337632
-0.0338943
-0.034032
-0.034032
-0.0341751
-0.0343244
-0.0344785
-0.0344785
-0.0346373
-0.0347999
-0.0349663
-0.0351361
-0.0351361
-0.0353086
-0.0354842
-0.0356609
-0.0358409
-0.0360196
-0.0360196
-0.036201
-0.0363817
-0.0365598
-0.0367414
-0.0369353
-0.0370928
-0.0371788
-0.0368196
-0.0364549
-0.0358083
-0.0346475
-0.0325599
-0.0291658
-0.0245711
-0.0157422
-0.00395146
0.00840131
0.0148877
0.0223932
0.0306054
0.0476864
0.0559431
0.0638097
0.0711648
0.0841659
0.0898345
0.0991543
0.102812
0.105903
0.110261
0.112412
0.112484
0.111569
0.110518
0.107404
0.103428
0.0993724
0.0962402
