-0.0464594
-0.0464594
-0.0466089
-0.0466089
-0.0466089
-0.0468835
-0.0468835
-0.0472803
-0.0472803
-0.0477914
-0.0477914
-0.0484109
-0.0484109
-0.0484109
-0.0491331
-0.0491331
-0.0499536
-0.0499536
-0.0508683
-0.0508683
-0.051874
-0.051874
-0.0529675
-0.0529675
-0.0541467
-0.0554098
-0.0554098
-0.0567544
-0.0567544
-0.0581786
-0.0581786
-0.0596804
-0.0612602
-0.0612602
-0.0629172
-0.0646402
-0.0646402
-0.0664104
-0.0682514
-0.0682514
-0.0702944
-0.07267
-0.0751523
-0.0751523
-0.076879
-0.0766078
-0.0734165
-0.0672191
-0.0586387
-0.0484333
-0.0370404
-0.024567
-0.0110725
0.00318655
0.0177293
0.0322858
0.0466297
0.0605343
0.0738285
0.0981323
0.109012
0.119008
0.136369
0.143783
0.156261
0.165911
0.169796
0.175917
0.180132
0.182748
0.184023
0.183842
0.182504
0.178727
0.172364
0.158764
