-0.0114028
-0.0114028
-0.0113674
-0.0113674
-0.0113674
-0.0112994
-0.0112994
-0.0112012
-0.0112012
-0.011075
-0.011075
-0.0109225
-0.0109225
-0.0109225
-0.0107453
-0.0107453
-0.0105449
-0.0105449
-0.0103225
-0.0103225
-0.0100793
-0.0100793
-0.00981635
-0.00981635
-0.0095346
-0.00923503
-0.00923503
-0.00891854
-0.00891854
-0.00858601
-0.00858601
-0.00823828
-0.0078762
-0.0078762
-0.00750059
-0.00711226
-0.00711226
-0.00671204
-0.00630074
-0.00630074
-0.00587915
-0.00544808
-0.00500833
-0.00500833
-0.00456074
-0.00410608
-0.00364503
-0.00317844
-0.00270712
-0.00223172
-0.00175295
-0.0012713
-0.000786878
-0.000298024
0.000203369
0.000736515
0.00134107
0.0020958
0.00310281
0.0061469
0.00799917
0.00979293
0.01319
0.0148494
0.0180092
0.0209658
0.0223613
0.0249783
0.0273543
0.0294851
0.0313645
0.0337249
0.0350048
0.0365096
0.0375543
0.0383125
