-0.0413003
-0.041346
-0.041346
-0.0414362
-0.0414362
-0.0415685
-0.0417416
-0.0417416
-0.0419541
-0.0422046
-0.0422046
-0.042492
-0.042492
-0.0428155
-0.0431742
-0.0431742
-0.0435672
-0.0439941
-0.0444542
-0.0444542
-0.044947
-0.0454721
-0.0454721
-0.0460291
-0.0466179
-0.0472381
-0.0472381
-0.0478895
-0.0485723
-0.0492863
-0.0500312
-0.0500312
-0.0508077
-0.0516157
-0.0524554
-0.0533272
-0.0542316
-0.0542316
-0.0551689
-0.0561404
-0.0571444
-0.0581819
-0.0592661
-0.0604139
-0.0616069
-0.0628098
-0.0633521
-0.0629022
-0.0595194
-0.0504804
-0.0411297
-0.0321485
-0.0223339
-0.00202914
0.00542116
0.0248779
0.0312752
0.0425907
0.0629862
0.0719905
0.0816712
0.0907361
0.107464
0.114541
0.128336
0.13477
0.140163
0.150041
0.158059
0.161468
0.16689
0.168979
0.172131
0.173906
0.174391
0.173532
