-0.0259277
-0.0259205
-0.0259205
-0.0258973
-0.0258973
-0.0258669
-0.0258273
-0.0258273
-0.0257783
-0.0257186
-0.0257186
-0.0256484
-0.0256484
-0.0255679
-0.0254768
-0.0254768
-0.025373
-0.02526
-0.0251321
-0.0251321
-0.024994
-0.0248396
-0.0248396
-0.0246757
-0.0244949
-0.0242989
-0.0242989
-0.0240851
-0.0238651
-0.0236044
-0.0233735
-0.0233735
-0.0230469
-0.0228272
-0.0223662
-0.0223157
-0.0214427
-0.0214427
-0.02183
-0.0205256
-0.0208798
-0.0201069
-0.0195374
-0.0192843
-0.0187452
-0.0177591
-0.0185748
-0.0159441
-0.0164527
-0.0171994
-0.0140367
-0.0155729
-0.0123018
-0.00832975
-0.00695331
-0.0049347
0.00530835
0.00972298
0.0199852
0.0247452
0.0291838
0.0336228
0.0430021
0.0477035
0.0570653
0.0615372
0.0656226
0.0731313
0.0795205
0.0823157
0.0869462
0.0888008
0.0916988
0.0934407
0.0941559
0.0935626
