-0.03534
-0.03534
-0.0353921
-0.0353921
-0.0353921
-0.0354921
-0.0354921
-0.0356361
-0.0356361
-0.035821
-0.035821
-0.0360437
-0.0360437
-0.0360437
-0.0363018
-0.0363018
-0.036593
-0.036593
-0.0369153
-0.0369153
-0.037267
-0.037267
-0.0376463
-0.0376463
-0.0380517
-0.038482
-0.038482
-0.0389359
-0.0389359
-0.0394122
-0.0394122
-0.0399097
-0.0404276
-0.0404276
-0.0409647
-0.0415201
-0.0415201
-0.0420927
-0.0426796
-0.0426796
-0.0432741
-0.0438668
-0.0444476
-0.0444476
-0.0449794
-0.0453161
-0.045114
-0.0438603
-0.0410715
-0.0365306
-0.0303718
-0.0229603
-0.0146911
-0.00586651
0.00329518
0.0125872
0.0218547
0.0309828
0.0398659
0.0565746
0.0642881
0.0715293
0.0845447
0.0903215
0.100478
0.108914
0.112551
0.118807
0.123897
0.128054
0.131506
0.135847
0.138504
0.142641
0.147187
0.148937
