-0.0372993
-0.0373444
-0.0373444
-0.0374329
-0.0374329
-0.0375629
-0.0377331
-0.0377331
-0.0379421
-0.0381886
-0.0381886
-0.0384719
-0.0384719
-0.0387912
-0.0391456
-0.0391456
-0.0395346
-0.0399576
-0.0404142
-0.0404142
-0.040904
-0.0414267
-0.0414267
-0.0419821
-0.0425699
-0.0431901
-0.0431901
-0.0438429
-0.0445275
-0.0452441
-0.0459928
-0.0459928
-0.0467741
-0.0475872
-0.0484319
-0.0493089
-0.0502177
-0.0502177
-0.0511582
-0.0521306
-0.0531343
-0.0541689
-0.0552346
-0.0563589
-0.0574564
-0.0582555
-0.0585828
-0.0583921
-0.0564811
-0.0512645
-0.0427991
-0.0338152
-0.0245683
-0.00734786
0.00983645
0.0229466
0.02961
0.0446068
0.0641654
0.0745898
0.0829303
0.0908828
0.104609
0.110457
0.120465
0.124703
0.128489
0.134809
0.139655
0.141591
0.144619
0.14576
0.147422
0.148424
0.149039
0.14943
