-0.0266392
-0.0266274
-0.0266274
-0.026604
-0.026604
-0.0265694
-0.0265236
-0.0265236
-0.0264665
-0.0263979
-0.0263979
-0.0263176
-0.0263176
-0.0262254
-0.0261208
-0.0261208
-0.0260035
-0.0258728
-0.0257282
-0.0257282
-0.0255694
-0.0253955
-0.0253955
-0.025206
-0.0250004
-0.024778
-0.024778
-0.0245377
-0.0242796
-0.0240029
-0.0237069
-0.0237069
-0.0233909
-0.0230539
-0.0226962
-0.0223162
-0.0219133
-0.0219133
-0.0214877
-0.0210376
-0.0205686
-0.0200653
-0.0195465
-0.0190035
-0.0184168
-0.0178252
-0.0172008
-0.0165533
-0.0158646
-0.0151668
-0.0144614
-0.0136847
-0.0126847
-0.00911372
-0.00607523
-0.00198996
0.00296856
0.00861021
0.0199705
0.0252565
0.0303576
0.0354675
0.0454243
0.0499952
0.0587577
0.0627791
0.066553
0.0734668
0.079427
0.0820618
0.0865639
0.0884316
0.0915045
0.0936383
0.0948547
0.0951304
