-0.0452379
-0.0453016
-0.0453016
-0.0454281
-0.0454281
-0.0456135
-0.0458566
-0.0458566
-0.0461554
-0.0465088
-0.0465088
-0.0469161
-0.0469161
-0.0473756
-0.0478869
-0.0478869
-0.0484482
-0.0490594
-0.0497215
-0.0497215
-0.0504347
-0.0511986
-0.0511986
-0.0520111
-0.0528741
-0.05379
-0.05379
-0.0547566
-0.0557745
-0.0568453
-0.0579692
-0.0579692
-0.0591459
-0.0603769
-0.0616666
-0.0630101
-0.0644124
-0.0644124
-0.0658688
-0.0673871
-0.0689649
-0.0706232
-0.0723549
-0.0741285
-0.0756129
-0.0763985
-0.0751761
-0.0691958
-0.0591666
-0.0490269
-0.0387479
-0.0275541
-0.0163148
0.00344999
0.0273021
0.031581
0.0450597
0.0567812
0.0782205
0.0881134
0.0981488
0.106921
0.123728
0.131212
0.144538
0.150547
0.15575
0.164897
0.172056
0.174968
0.179329
0.180833
0.182635
0.182786
0.181286
0.177861
