-0.0259975
-0.0259975
-0.025979
-0.025979
-0.025979
-0.0259229
-0.0259229
-0.02585
-0.02585
-0.025754
-0.025754
-0.0256363
-0.0256363
-0.0256363
-0.0254977
-0.0254977
-0.0253307
-0.0253307
-0.0251433
-0.0251433
-0.0249282
-0.0249282
-0.0246911
-0.0246911
-0.0244203
-0.0241339
-0.0241339
-0.0238093
-0.0238093
-0.0234493
-0.0234493
-0.0231169
-0.022581
-0.022581
-0.0224307
-0.0214059
-0.0214059
-0.0217828
-0.0201639
-0.0201639
-0.0205658
-0.0195416
-0.0188555
-0.0188555
-0.0183911
-0.0178865
-0.0174834
-0.0129331
-0.0243619
-0.0109446
-0.0177124
-0.00892556
-0.00832444
-0.00820845
-0.00707391
-0.000305017
0.00637988
0.00880781
0.0135788
0.0234244
0.0283104
0.0311513
0.038905
0.0435183
0.0518164
0.0599541
0.0634905
0.0706949
0.0769802
0.0823149
0.0867135
0.0916677
0.093971
0.0961408
0.0971063
0.0960327
