-0.0261159
-0.0261186
-0.0261186
-0.0261214
-0.0261214
-0.0261267
-0.0261336
-0.0261336
-0.0261416
-0.0261501
-0.0261501
-0.0261588
-0.0261588
-0.0261674
-0.0261754
-0.0261754
-0.0261823
-0.0261875
-0.0261906
-0.0261906
-0.0261912
-0.0261885
-0.0261885
-0.0261825
-0.0261723
-0.0261572
-0.0261572
-0.0261371
-0.0261114
-0.0260794
-0.0260406
-0.0260406
-0.0259941
-0.0259404
-0.0258791
-0.0258077
-0.0257275
-0.0257275
-0.0256378
-0.0255371
-0.025429
-0.025298
-0.0251919
-0.0249834
-0.0249297
-0.0246354
-0.0244839
-0.0247854
-0.0243166
-0.0233259
-0.0225071
-0.0212724
-0.0196971
-0.0135887
-0.00789826
-0.00526947
0.00363044
0.00895102
0.0205005
0.0261823
0.0319076
0.0377498
0.0495875
0.0554614
0.0667474
0.072015
0.0769917
0.0857901
0.0928198
0.0956624
0.0998704
0.101196
0.102553
0.10197
0.099964
0.0968965
