-0.0242524
-0.024273
-0.024273
-0.0243128
-0.0243128
-0.0243713
-0.0244478
-0.0244478
-0.0245417
-0.0246524
-0.0246524
-0.0247793
-0.0247793
-0.0249221
-0.0250804
-0.0250804
-0.0252539
-0.0254421
-0.025645
-0.025645
-0.0258621
-0.0260934
-0.0260934
-0.0263387
-0.0265977
-0.0268704
-0.0268704
-0.0271566
-0.0274563
-0.0277694
-0.0280958
-0.0280958
-0.0284355
-0.0287884
-0.0291545
-0.0295338
-0.0299262
-0.0299262
-0.0303317
-0.0307503
-0.0311815
-0.0316242
-0.0320756
-0.0325286
-0.0329675
-0.0333612
-0.0336544
-0.0337584
-0.0335472
-0.0328612
-0.0315234
-0.0293649
-0.0262534
-0.0169668
-0.0108765
-0.00399286
0.00348746
0.0111656
0.0263423
0.033669
0.0407345
0.0474956
0.0599865
0.0656784
0.0759112
0.080451
0.0846126
0.0918386
0.0976855
0.100129
0.104138
0.105739
0.108222
0.109867
0.11082
0.111218
