-0.035531
-0.0355449
-0.0355449
-0.0355696
-0.0355696
-0.0356069
-0.0356554
-0.0356554
-0.0357145
-0.0357838
-0.0357838
-0.0358624
-0.0358624
-0.0359497
-0.0360457
-0.0360457
-0.0361487
-0.0362593
-0.0363767
-0.0363767
-0.0364997
-0.0366277
-0.0366277
-0.0367624
-0.0368993
-0.0370421
-0.0370421
-0.0371877
-0.0373355
-0.037488
-0.0376404
-0.0376404
-0.0377955
-0.0379514
-0.0381078
-0.0382646
-0.0384213
-0.0384213
-0.0385769
-0.0387328
-0.0388763
-0.0390464
-0.0390682
-0.0394116
-0.0390219
-0.0388827
-0.0385339
-0.0380151
-0.0364996
-0.0331777
-0.0283514
-0.0209333
-0.0163472
0.00550174
0.00928474
0.0186058
0.0300144
0.0403878
0.0573618
0.0648278
0.0718181
0.0784171
0.0900468
0.0950382
0.103569
0.107054
0.10998
0.114277
0.11647
0.11678
0.115769
0.114529
0.110696
0.105475
0.0998167
0.0951407
