-0.0222953
-0.0223026
-0.0223026
-0.0223168
-0.0223168
-0.0223376
-0.0223646
-0.0223646
-0.0223974
-0.0224357
-0.0224357
-0.0224792
-0.0224792
-0.0225276
-0.0225805
-0.0225805
-0.0226376
-0.0226986
-0.0227631
-0.0227631
-0.0228309
-0.0229017
-0.0229017
-0.0229752
-0.023051
-0.023129
-0.023129
-0.0232088
-0.0232901
-0.0233728
-0.0234565
-0.0234565
-0.0235409
-0.023626
-0.0237113
-0.0237967
-0.0238819
-0.0238819
-0.0239668
-0.0240509
-0.0241338
-0.0242147
-0.0242913
-0.0243589
-0.024408
-0.0244198
-0.0243619
-0.0241828
-0.0238089
-0.0231451
-0.0220818
-0.0205067
-0.0183198
-0.011859
-0.00755774
-0.00259097
0.00295331
0.00891646
0.0213657
0.0275522
0.0335773
0.0393762
0.0501262
0.0550227
0.0637808
0.0676282
0.0711184
0.0770382
0.0815871
0.0833713
0.0860231
0.086922
0.087962
0.088154
0.0877497
0.0870827
