-0.00857286
-0.00855547
-0.00855547
-0.00852146
-0.00852146
-0.00847154
-0.00840637
-0.00840637
-0.00832657
-0.00823269
-0.00823269
-0.00812526
-0.00812526
-0.00800478
-0.00787172
-0.00787172
-0.0077265
-0.00756955
-0.00740126
-0.00740126
-0.00722201
-0.00703218
-0.00703218
-0.00683212
-0.00662218
-0.0064027
-0.0064027
-0.00617402
-0.00593648
-0.0056904
-0.00543612
-0.00543612
-0.00517397
-0.00490428
-0.00462738
-0.00434361
-0.00405329
-0.00405329
-0.00375678
-0.00345441
-0.00314653
-0.00283347
-0.00251558
-0.00219323
-0.00186682
-0.00153664
-0.00120302
-0.000866341
-0.000527004
-0.000185409
0.000158008
0.000502864
0.000848856
0.00154385
0.00189237
0.00224114
0.0025899
0.00293942
0.00367548
0.00414468
0.00484031
0.00592731
0.00872943
0.00998469
0.0124249
0.0135714
0.0146676
0.0166974
0.0184955
0.0193017
0.0207269
0.0213445
0.0223881
0.0231769
0.0237145
0.0240046
