-0.0417531
-0.0417976
-0.0417976
-0.0418847
-0.0418847
-0.0420125
-0.0421795
-0.0421795
-0.0423843
-0.0426256
-0.0426256
-0.0429022
-0.0429022
-0.0432132
-0.0435576
-0.0435576
-0.0439346
-0.0443434
-0.0447834
-0.0447834
-0.045254
-0.0457547
-0.0457547
-0.046285
-0.0468444
-0.0474325
-0.0474325
-0.048049
-0.0486936
-0.0493659
-0.0500657
-0.0500657
-0.0507928
-0.0515467
-0.052327
-0.053134
-0.0539699
-0.0539699
-0.0548346
-0.0557159
-0.0565922
-0.0574776
-0.0584774
-0.0597409
-0.0612427
-0.0625468
-0.0628243
-0.0611875
-0.057098
-0.0505753
-0.0421207
-0.0324377
-0.0221255
-0.0007437
0.0101546
0.0210942
0.0320052
0.0428
0.06374
0.073755
0.0833945
0.0926156
0.109673
0.117464
0.131504
0.137745
0.143467
0.153379
0.161307
0.16455
0.169623
0.171444
0.173513
0.172882
0.167231
0.142465
