-0.00737286
-0.00736262
-0.00736262
-0.00734252
-0.00734252
-0.00731299
-0.00727439
-0.00727439
-0.00722705
-0.00717128
-0.00717128
-0.00710733
-0.00710733
-0.00703544
-0.00695583
-0.00695583
-0.00686871
-0.00677426
-0.00667264
-0.00667264
-0.00656402
-0.00644853
-0.00644853
-0.00632632
-0.00619752
-0.00606225
-0.00606225
-0.00592063
-0.00577277
-0.00561879
-0.0054588
-0.0054588
-0.0052929
-0.00512121
-0.00494384
-0.0047609
-0.0045725
-0.0045725
-0.00437874
-0.00417976
-0.00397565
-0.00376656
-0.00355259
-0.00333388
-0.00311054
-0.00288273
-0.00265056
-0.00241418
-0.00217373
-0.00192936
-0.0016812
-0.00142942
-0.00117416
-0.000653461
-0.000387524
-0.000115593
0.000169384
0.000486213
0.00141207
0.00218629
0.00326511
0.00462543
0.00769145
0.0092088
0.0121337
0.0135302
0.0148757
0.0173947
0.0196556
0.0206799
0.0225009
0.0232929
0.0246311
0.0256352
0.0263036
0.0266408
