-0.0372978
-0.0372978
-0.0373983
-0.0373983
-0.0373983
-0.0375915
-0.0375915
-0.0378706
-0.0378706
-0.0382297
-0.0382297
-0.0386642
-0.0386642
-0.0386642
-0.0391698
-0.0391698
-0.0397431
-0.0397431
-0.0403808
-0.0403808
-0.0410807
-0.0410807
-0.041839
-0.041839
-0.0426548
-0.0435254
-0.0435254
-0.0444489
-0.0444489
-0.0454221
-0.0454221
-0.0464452
-0.0475154
-0.0475154
-0.0486329
-0.0497928
-0.0497928
-0.0509949
-0.0522374
-0.0522374
-0.0535178
-0.054836
-0.056237
-0.056237
-0.0574958
-0.0582535
-0.0584717
-0.0575726
-0.0540739
-0.0466727
-0.0380528
-0.0291607
-0.0201062
-0.0116694
-0.00122523
0.0180812
0.0275624
0.0382565
0.0530775
0.0732997
0.0827939
0.0909779
0.105483
0.111531
0.121742
0.129837
0.133208
0.138778
0.143
0.14609
0.148241
0.150109
0.150688
0.15101
0.150845
0.150352
