-0.0120302
-0.0120302
-0.0119903
-0.0119903
-0.0119903
-0.0119143
-0.0119143
-0.0118045
-0.0118045
-0.0116634
-0.0116634
-0.0114932
-0.0114932
-0.0114932
-0.0112956
-0.0112956
-0.0110723
-0.0110723
-0.0108249
-0.0108249
-0.0105546
-0.0105546
-0.0102628
-0.0102628
-0.00995059
-0.00961918
-0.00961918
-0.0092696
-0.0092696
-0.00890291
-0.00890291
-0.0085201
-0.00812217
-0.00812217
-0.00771007
-0.00728476
-0.00728476
-0.00684719
-0.00639827
-0.00639827
-0.00593894
-0.0054701
-0.00499264
-0.00499264
-0.00450745
-0.00401542
-0.00351739
-0.00301423
-0.00250675
-0.00199573
-0.00148185
-0.000965449
-0.000446602
7.60959e-05
0.000607808
0.0011648
0.00178663
0.0025674
0.00367557
0.00695236
0.00876111
0.0105534
0.0140092
0.0156722
0.0188433
0.0217965
0.0231862
0.0257845
0.0281361
0.030238
0.0320917
0.034418
0.035678
0.0371586
0.0381863
0.0389326
