-0.00900595
-0.00898472
-0.00898472
-0.0089432
-0.0089432
-0.0088823
-0.00880288
-0.00880288
-0.00870573
-0.00859161
-0.00859161
-0.00846123
-0.00846123
-0.00831527
-0.00815439
-0.00815439
-0.0079792
-0.00779031
-0.00758829
-0.00758829
-0.00737371
-0.00714711
-0.00714711
-0.00690901
-0.00665996
-0.00640045
-0.00640045
-0.006131
-0.00585211
-0.00556426
-0.00526796
-0.00526796
-0.00496368
-0.00465192
-0.00433315
-0.00400785
-0.0036765
-0.0036765
-0.00333958
-0.00299755
-0.00265089
-0.00230005
-0.00194552
-0.00158774
-0.00122717
-0.000864271
-0.000499485
-0.000133328
0.000233739
0.000601269
0.000968981
0.00133663
0.00170401
0.00243597
0.00279969
0.00316138
0.00352076
0.00387803
0.00460543
0.00502817
0.00560691
0.00649791
0.00900657
0.0101178
0.0122652
0.0132698
0.0142334
0.0160093
0.0175774
0.0182806
0.0195214
0.0200582
0.0209642
0.021648
0.0221135
0.0223671
