-0.028469
-0.028469
-0.0284815
-0.0284815
-0.0284815
-0.0285056
-0.0285056
-0.0285398
-0.0285398
-0.028583
-0.028583
-0.028634
-0.028634
-0.028634
-0.0286915
-0.0286915
-0.0287544
-0.0287544
-0.0288215
-0.0288215
-0.0288919
-0.0288919
-0.0289646
-0.0289646
-0.0290384
-0.0291127
-0.0291127
-0.0291865
-0.0291865
-0.0292589
-0.0292589
-0.0293293
-0.029397
-0.029397
-0.0294612
-0.0295214
-0.0295214
-0.0295771
-0.0296276
-0.0296276
-0.0296725
-0.0297107
-0.0297388
-0.0297388
-0.0297501
-0.0297372
-0.0296871
-0.0295436
-0.0291341
-0.0281344
-0.0261636
-0.0229774
-0.0186013
-0.0132901
-0.00736871
-0.00109343
0.0053815
0.0119621
0.0185785
0.0316794
0.0380567
0.0442567
0.0559824
0.0614556
0.071545
0.0804599
0.0844828
0.0917034
0.0979107
0.103234
0.107821
0.113695
0.117226
0.122556
0.128805
0.136186
