-0.0344913
-0.0344913
-0.0345537
-0.0345537
-0.0345537
-0.0346734
-0.0346734
-0.034846
-0.034846
-0.0350678
-0.0350678
-0.0353357
-0.0353357
-0.0353357
-0.0356468
-0.0356468
-0.0359987
-0.0359987
-0.0363892
-0.0363892
-0.0368164
-0.0368164
-0.0372785
-0.0372785
-0.0377739
-0.0383012
-0.0383012
-0.038859
-0.038859
-0.0394461
-0.0394461
-0.0400612
-0.0407033
-0.0407033
-0.0413714
-0.0420643
-0.0420643
-0.0427803
-0.0435165
-0.0435165
-0.0442694
-0.0450384
-0.0457288
-0.0457288
-0.0461938
-0.0463413
-0.0461438
-0.0450111
-0.0420834
-0.0364253
-0.0294897
-0.022338
-0.0151167
-0.00824128
0.00168138
0.0169531
0.0228507
0.0324815
0.0438726
0.061474
0.0701147
0.0777709
0.0919514
0.0979593
0.107814
0.115282
0.118244
0.122832
0.125912
0.127759
0.128661
0.128985
0.128985
0.128931
0.128748
0.128429
