-0.0260208
-0.0260208
-0.0259889
-0.0259889
-0.0259889
-0.0259271
-0.0259271
-0.0258363
-0.0258363
-0.0257174
-0.0257174
-0.0255703
-0.0255703
-0.0255703
-0.0253951
-0.0253951
-0.0251909
-0.0251909
-0.0249577
-0.0249577
-0.0246946
-0.0246946
-0.0244013
-0.0244013
-0.0240766
-0.0237203
-0.0237203
-0.0233315
-0.0233315
-0.0229094
-0.0229094
-0.0224544
-0.021966
-0.021966
-0.0214442
-0.020889
-0.020889
-0.0202988
-0.0196753
-0.0196753
-0.0190158
-0.0183306
-0.017608
-0.017608
-0.0168546
-0.0160764
-0.0152744
-0.0144373
-0.013569
-0.012695
-0.0117667
-0.010611
-0.00903839
-0.00681473
-0.00374337
1.13061e-05
0.00452204
0.00930853
0.0140327
0.0229833
0.0274063
0.0318027
0.0402413
0.0443351
0.0520723
0.0591713
0.0624037
0.0684195
0.0736967
0.0782508
0.0821115
0.0867193
0.0890229
0.0914279
0.0928353
0.0930147
