-0.0355475
-0.0355788
-0.0355788
-0.0356399
-0.0356399
-0.0357298
-0.0358472
-0.0358472
-0.0359913
-0.0361612
-0.0361612
-0.0363562
-0.0363562
-0.0365755
-0.0368185
-0.0368185
-0.0370848
-0.0373739
-0.0376853
-0.0376853
-0.0380187
-0.0383739
-0.0383739
-0.0387504
-0.0391481
-0.0395669
-0.0395669
-0.0400066
-0.0404671
-0.0409482
-0.04145
-0.04145
-0.0419724
-0.0425154
-0.0430792
-0.0436637
-0.0442688
-0.0442688
-0.0448943
-0.0455389
-0.0462012
-0.0468854
-0.0475646
-0.0481469
-0.0485157
-0.0486209
-0.0484479
-0.04751
-0.0450845
-0.0402319
-0.0333769
-0.0260744
-0.0183769
-0.00345055
0.013602
0.0231356
0.0296763
0.0424906
0.0595322
0.0690162
0.0767391
0.083917
0.096732
0.102059
0.110853
0.114376
0.11738
0.121931
0.124802
0.125709
0.126798
0.127123
0.127475
0.127531
0.127414
0.127214
