-0.043233
-0.043233
-0.0433417
-0.0433417
-0.0433417
-0.0435503
-0.0435503
-0.0438511
-0.0438511
-0.0442378
-0.0442378
-0.0447046
-0.0447046
-0.0447046
-0.0452467
-0.0452467
-0.0458597
-0.0458597
-0.0465399
-0.0465399
-0.0472838
-0.0472838
-0.0480883
-0.0480883
-0.0489508
-0.0498686
-0.0498686
-0.0508394
-0.0508394
-0.0518611
-0.0518611
-0.0529316
-0.0540491
-0.0540491
-0.0552119
-0.0564182
-0.0564182
-0.0576667
-0.0589557
-0.0589557
-0.060284
-0.0616521
-0.0630622
-0.0630622
-0.0644786
-0.0656399
-0.0656881
-0.0631064
-0.0567709
-0.0473859
-0.0369923
-0.026839
-0.0167154
-0.00605976
0.0052248
0.0167623
0.028143
0.0392947
0.0503886
0.0718377
0.081927
0.0915781
0.109534
0.11761
0.132401
0.145059
0.150724
0.160437
0.168386
0.174705
0.17956
0.184371
0.18629
0.187718
0.187135
0.184813
