-0.0381008
-0.0381008
-0.0381676
-0.0381676
-0.0381676
-0.0382969
-0.0382969
-0.0384834
-0.0384834
-0.0387229
-0.0387229
-0.0390119
-0.0390119
-0.0390119
-0.0393472
-0.0393472
-0.0397262
-0.0397262
-0.0401463
-0.0401463
-0.0406054
-0.0406054
-0.0411014
-0.0411014
-0.0416327
-0.0421976
-0.0421976
-0.0427948
-0.0427948
-0.0434229
-0.0434229
-0.0440809
-0.0447679
-0.0447679
-0.0454827
-0.0462243
-0.0462243
-0.0469906
-0.0477762
-0.0477762
-0.0485686
-0.0493289
-0.0499578
-0.0499578
-0.0502991
-0.0502409
-0.0498342
-0.0474518
-0.041786
-0.034401
-0.026283
-0.0175144
-0.00865658
-0.00192548
0.0107475
0.0282772
0.033578
0.0440597
0.0531629
0.0704884
0.0781782
0.0856952
0.0984804
0.103696
0.113243
0.1208
0.123952
0.128928
0.132525
0.134967
0.136452
0.137286
0.137162
0.136507
0.135549
0.134323
