-0.00955728
-0.00955728
-0.00950905
-0.00950905
-0.00950905
-0.00941668
-0.00941668
-0.00928384
-0.00928384
-0.00911383
-0.00911383
-0.00890965
-0.00890965
-0.00890965
-0.00867407
-0.00867407
-0.00840961
-0.00840961
-0.00811864
-0.00811864
-0.00780339
-0.00780339
-0.00746594
-0.00746594
-0.00710828
-0.00673229
-0.00673229
-0.0063398
-0.0063398
-0.00593254
-0.00593254
-0.00551218
-0.00508033
-0.00508033
-0.00463854
-0.00418832
-0.00418832
-0.0037311
-0.00326826
-0.00326826
-0.00280113
-0.00233098
-0.00185902
-0.00185902
-0.0013864
-0.000914205
-0.000443463
2.47134e-05
0.000489553
0.000950105
0.00140582
0.00185615
0.00230044
0.0027386
0.00317107
0.00359511
0.00399835
0.00436659
0.00472728
0.00589765
0.00684852
0.00789523
0.00988025
0.0108201
0.012596
0.0142292
0.0149915
0.0164067
0.0176772
0.018806
0.0197974
0.0210388
0.0217121
0.0225084
0.0230707
0.0234731
