-0.0236548
-0.0236548
-0.0236993
-0.0236993
-0.0236993
-0.0237833
-0.0237833
-0.0239049
-0.0239049
-0.0240612
-0.0240612
-0.0242499
-0.0242499
-0.0242499
-0.0244692
-0.0244692
-0.0247172
-0.0247172
-0.0249926
-0.0249926
-0.0252939
-0.0252939
-0.02562
-0.02562
-0.0259698
-0.0263422
-0.0263422
-0.0267365
-0.0267365
-0.0271517
-0.0271517
-0.0275871
-0.0280418
-0.0280418
-0.0285152
-0.0290066
-0.0290066
-0.0295152
-0.03004
-0.03004
-0.0305792
-0.0311285
-0.0316777
-0.0316777
-0.0322036
-0.0326591
-0.0329611
-0.0329815
-0.032551
-0.0314807
-0.0295968
-0.0267794
-0.0229889
-0.0182692
-0.0127274
-0.00650194
0.000265016
0.00737721
0.0145432
0.0287487
0.0356353
0.0422945
0.0547523
0.0604898
0.0709036
0.0798865
0.0838557
0.0908087
0.0965491
0.10121
0.104927
0.109018
0.11093
0.112845
0.113897
0.114417
