-0.00686145
-0.00686145
-0.00683859
-0.00683859
-0.00683859
-0.00679457
-0.00679457
-0.00673111
-0.00673111
-0.00664964
-0.00664964
-0.00655142
-0.00655142
-0.00655142
-0.0064376
-0.0064376
-0.00630918
-0.00630918
-0.00616709
-0.00616709
-0.00601218
-0.00601218
-0.00584524
-0.00584524
-0.00566702
-0.00547822
-0.00547822
-0.0052795
-0.0052795
-0.00507151
-0.00507151
-0.00485487
-0.0046302
-0.0046302
-0.00439807
-0.00415907
-0.00415907
-0.00391376
-0.0036627
-0.0036627
-0.00340643
-0.00314549
-0.00288038
-0.00288038
-0.00261164
-0.00233975
-0.00206521
-0.00178849
-0.00151005
-0.00123033
-0.000949763
-0.000668755
-0.000387679
-0.000106827
0.000174213
0.000458316
0.000754703
0.00108705
0.00150062
0.00282153
0.00378026
0.00485585
0.00703086
0.00808794
0.0101291
0.0120591
0.0129777
0.0147149
0.0163103
0.0177569
0.0190501
0.0206988
0.0216054
0.0226854
0.023447
0.0240111
