-0.0245164
-0.0245164
-0.0283029
-0.0283029
-0.0283029
-0.0268073
-0.0268073
-0.0263825
-0.0263825
-0.0263012
-0.0263012
-0.0262076
-0.0262076
-0.0262076
-0.0260779
-0.0260779
-0.0259231
-0.0259231
-0.0257455
-0.0257455
-0.0255446
-0.0255446
-0.0253194
-0.0253194
-0.0250692
-0.0247931
-0.0247931
-0.0244906
-0.0244906
-0.0241609
-0.0241609
-0.0238034
-0.0234177
-0.0234177
-0.0230035
-0.0225612
-0.0225612
-0.0220914
-0.0215918
-0.0215918
-0.0210566
-0.0204806
-0.0198718
-0.0198718
-0.0192594
-0.0186853
-0.0181741
-0.0176974
-0.0171547
-0.016387
-0.0152186
-0.0135057
-0.0111704
-0.00820976
-0.00468322
-0.000689425
0.00365772
0.00824887
0.0129846
0.0226073
0.0274288
0.0322468
0.041822
0.0465222
0.0555776
0.0639918
0.067907
0.0750853
0.0813458
0.0866711
0.0910789
0.0960647
0.0983897
0.100545
0.101315
0.100257
