-0.00590299
-0.00590299
-0.00587134
-0.00587134
-0.00587134
-0.00581081
-0.00581081
-0.00572393
-0.00572393
-0.00561305
-0.00561305
-0.00548032
-0.00548032
-0.00548032
-0.00532775
-0.00532775
-0.00515722
-0.00515722
-0.00497047
-0.00497047
-0.00476913
-0.00476913
-0.00455474
-0.00455474
-0.00432875
-0.00409251
-0.00409251
-0.0038473
-0.0038473
-0.00359434
-0.00359434
-0.00333475
-0.00306961
-0.00306961
-0.00279995
-0.0025267
-0.0025267
-0.00225078
-0.00197301
-0.00197301
-0.0016942
-0.00141506
-0.0011363
-0.0011363
-0.000858551
-0.000582392
-0.000308377
-3.70389e-05
0.000231182
0.000495853
0.00075674
0.00101365
0.00126618
0.00151404
0.00175702
0.00199496
0.00222747
0.00245433
0.00268218
0.00330931
0.00383806
0.00449056
0.00579861
0.00642008
0.00759937
0.00868997
0.00920093
0.010153
0.0110115
0.0117771
0.0124515
0.0132984
0.0137582
0.0143008
0.0146803
0.0149555
