-0.0459261
-0.0459261
-0.0460703
-0.0460703
-0.0460703
-0.0463509
-0.0463509
-0.0467558
-0.0467558
-0.0472784
-0.0472784
-0.0479125
-0.0479125
-0.0479125
-0.0486517
-0.0486517
-0.0494929
-0.0494929
-0.0504337
-0.0504337
-0.0514677
-0.0514677
-0.0525955
-0.0525955
-0.0538138
-0.0551224
-0.0551224
-0.0565178
-0.0565178
-0.0579965
-0.0579965
-0.059563
-0.0612115
-0.0612115
-0.0629393
-0.064753
-0.064753
-0.0666444
-0.0686177
-0.0686177
-0.070672
-0.0728274
-0.0749021
-0.0749021
-0.0766566
-0.0771411
-0.0764406
-0.067219
-0.0567489
-0.0464287
-0.0356081
-0.0240067
-0.0127969
-0.00510599
0.0162854
0.0337889
0.0413682
0.0590131
0.0706731
0.0946092
0.104915
0.115016
0.132677
0.140985
0.15429
0.164871
0.16908
0.176161
0.181145
0.184287
0.185819
0.185537
0.183882
0.179636
0.173666
0.162403
