-0.0346909
-0.0346909
-0.0347124
-0.0347124
-0.0347124
-0.0347476
-0.0347476
-0.0348002
-0.0348002
-0.0348664
-0.0348664
-0.0349453
-0.0349453
-0.0349453
-0.0350345
-0.0350345
-0.0351327
-0.0351327
-0.0352377
-0.0352377
-0.0353493
-0.0353493
-0.0354639
-0.0354639
-0.0355815
-0.0357017
-0.0357017
-0.035824
-0.035824
-0.0359421
-0.0359421
-0.0360608
-0.0361771
-0.0361771
-0.0362874
-0.0364083
-0.0364083
-0.036476
-0.0366585
-0.0366585
-0.0365533
-0.0369143
-0.0366775
-0.0366775
-0.0364915
-0.0362618
-0.0358654
-0.0349651
-0.0324369
-0.0292827
-0.0214545
-0.0171327
-0.0121322
0.00602149
0.00867101
0.0136268
0.0220384
0.0323179
0.0419935
0.0584976
0.0658648
0.0723359
0.0842717
0.08962
0.0987142
0.105984
0.108917
0.1136
0.116658
0.118164
0.118162
0.115595
0.112337
0.105703
0.0981118
0.0893353
