-0.0224198
-0.0224198
-0.0224379
-0.0224379
-0.0224379
-0.0224724
-0.0224724
-0.0225218
-0.0225218
-0.0225844
-0.0225844
-0.0226591
-0.0226591
-0.0226591
-0.0227442
-0.0227442
-0.0228386
-0.0228386
-0.0229412
-0.0229412
-0.0230507
-0.0230507
-0.0231662
-0.0231662
-0.0232867
-0.0234111
-0.0234111
-0.0235385
-0.0235385
-0.0236684
-0.0236684
-0.0237997
-0.0239318
-0.0239318
-0.0240641
-0.0241959
-0.0241959
-0.0243267
-0.0244555
-0.0244555
-0.0245808
-0.0246992
-0.0248028
-0.0248028
-0.0248742
-0.0248804
-0.024765
-0.0244438
-0.0238074
-0.0227324
-0.0211009
-0.0188222
-0.015849
-0.0121825
-0.00786685
-0.00297433
0.00239984
0.00811645
0.0140206
0.0258804
0.0316576
0.0372524
0.0477373
0.0525722
0.0613456
0.0688837
0.0721911
0.0779134
0.0825102
0.0860755
0.0887134
0.0911679
0.0919623
0.0921684
0.0915378
0.0901315
