-0.00924656
-0.00922545
-0.00922545
-0.00918421
-0.00918421
-0.00912372
-0.00904481
-0.00904481
-0.00894826
-0.0088348
-0.0088348
-0.00870511
-0.00870511
-0.00855986
-0.00839965
-0.00839965
-0.00822508
-0.00803671
-0.0078351
-0.0078351
-0.00762078
-0.00739425
-0.00739425
-0.00715601
-0.00690656
-0.00664638
-0.00664638
-0.00637594
-0.00609572
-0.00580617
-0.00550777
-0.00550777
-0.00520096
-0.00488622
-0.004564
-0.00423475
-0.00389894
-0.00389894
-0.00355702
-0.00320945
-0.00285668
-0.00249918
-0.00213739
-0.00177178
-0.00140279
-0.00103088
-0.000656496
-0.000280128
9.77027e-05
0.000476671
0.000856254
0.0012362
0.00161621
0.00237469
0.00275306
0.00313195
0.00350855
0.00386792
0.00450176
0.00494139
0.00569948
0.00681441
0.00934919
0.0105436
0.0128101
0.013873
0.014886
0.0167544
0.0184024
0.0191409
0.0204434
0.0210068
0.0219579
0.0226759
0.023148
0.0241797
