-0.0415442
-0.0415442
-0.0416255
-0.0416255
-0.0416255
-0.041785
-0.041785
-0.0420132
-0.0420132
-0.0423071
-0.0423071
-0.0426613
-0.0426613
-0.0426613
-0.0430718
-0.0430718
-0.0435352
-0.0435352
-0.0440478
-0.0440478
-0.0446071
-0.0446071
-0.04521
-0.04521
-0.0458551
-0.0465385
-0.0465385
-0.0472565
-0.0472565
-0.0480089
-0.0480089
-0.0487928
-0.0496067
-0.0496067
-0.0504508
-0.0513233
-0.0513233
-0.0522188
-0.0531218
-0.0531218
-0.0539932
-0.0547256
-0.0551888
-0.0551888
-0.0552298
-0.0550608
-0.0526302
-0.0470791
-0.0393785
-0.0303747
-0.0206655
-0.0107281
-0.00252746
0.00828257
0.0319655
0.0377017
0.0467199
0.0584804
0.0673623
0.0847922
0.0925167
0.0995005
0.111475
0.11627
0.124553
0.130681
0.133032
0.136391
0.138252
0.138929
0.138605
0.136711
0.134799
0.131513
0.128256
0.124788
