-0.0337235
-0.0337555
-0.0337555
-0.0338181
-0.0338181
-0.0339101
-0.0340303
-0.0340303
-0.0341777
-0.0343516
-0.0343516
-0.034551
-0.034551
-0.0347754
-0.035024
-0.035024
-0.0352964
-0.035592
-0.0359104
-0.0359104
-0.0362514
-0.0366145
-0.0366145
-0.0369995
-0.0374063
-0.0378345
-0.0378345
-0.0382842
-0.0387551
-0.0392473
-0.0397607
-0.0397607
-0.0402953
-0.0408511
-0.0414282
-0.0420266
-0.0426464
-0.0426464
-0.0432878
-0.0439509
-0.0446358
-0.0453426
-0.0460712
-0.0468202
-0.0475791
-0.0483323
-0.0489994
-0.0493537
-0.049365
-0.0483591
-0.0445073
-0.0372839
-0.0296027
-0.0138136
-0.00618044
0.00880399
0.0184319
0.0243588
0.0463896
0.0561825
0.0660977
0.074372
0.0904075
0.0971867
0.108928
0.113908
0.118396
0.125981
0.131965
0.134429
0.138432
0.140021
0.142486
0.144175
0.145274
0.146002
