-0.0219493
-0.021965
-0.021965
-0.021995
-0.021995
-0.0220391
-0.0220967
-0.0220967
-0.0221674
-0.0222507
-0.0222507
-0.0223461
-0.0223461
-0.0224535
-0.0225723
-0.0225723
-0.0227025
-0.0228436
-0.0229955
-0.0229955
-0.023158
-0.023331
-0.023331
-0.0235141
-0.0237074
-0.0239107
-0.0239107
-0.0241238
-0.0243468
-0.0245795
-0.0248218
-0.0248218
-0.0250737
-0.0253352
-0.0256062
-0.0258866
-0.0261765
-0.0261765
-0.0264758
-0.0267845
-0.0271025
-0.0274296
-0.0277649
-0.0281063
-0.0284484
-0.0287786
-0.0290713
-0.0292794
-0.0293252
-0.0290953
-0.0284437
-0.0272064
-0.0252264
-0.0186162
-0.0139391
-0.00843329
-0.00223198
0.00449401
0.0183286
0.0251827
0.0318876
0.0383897
0.0506317
0.0563154
0.0667193
0.0714213
0.0757859
0.0835134
0.0899489
0.0927062
0.0973583
0.099279
0.102376
0.104571
0.105968
0.106663
