-0.00852083
-0.00850539
-0.00850539
-0.00847519
-0.00847519
-0.00843085
-0.00837297
-0.00837297
-0.00830209
-0.00821869
-0.00821869
-0.00812324
-0.00812324
-0.00801617
-0.00789789
-0.00789789
-0.00776878
-0.00762919
-0.00747945
-0.00747945
-0.00731991
-0.00715085
-0.00715085
-0.00697259
-0.00678541
-0.0065896
-0.0065896
-0.00638542
-0.00617314
-0.00595304
-0.00572536
-0.00572536
-0.00549038
-0.00524835
-0.00499953
-0.00474417
-0.00448253
-0.00448253
-0.00421488
-0.00394146
-0.00366255
-0.0033784
-0.00308927
-0.00279543
-0.00249717
-0.00219476
-0.00188842
-0.00157843
-0.00126508
-0.000948653
-0.000629414
-0.000307702
1.6132e-05
0.000669168
0.000998318
0.00133021
0.00166829
0.00202291
0.00292173
0.00363137
0.00467315
0.00607424
0.00910681
0.0105069
0.0132197
0.0144966
0.0157158
0.0179752
0.0199736
0.0208677
0.0224428
0.0231217
0.0242599
0.0251051
0.0256612
0.0259317
