-0.046903
-0.0469717
-0.0469717
-0.0471063
-0.0471063
-0.0473042
-0.0475634
-0.0475634
-0.0478822
-0.0482592
-0.0482592
-0.0486932
-0.0486932
-0.0491833
-0.049729
-0.049729
-0.0503296
-0.050985
-0.051695
-0.051695
-0.0524595
-0.0532787
-0.0532787
-0.054153
-0.0550828
-0.0560683
-0.0560683
-0.0571104
-0.0582103
-0.0593686
-0.0605863
-0.0605863
-0.0618644
-0.0632039
-0.0646061
-0.0660721
-0.0676042
-0.0676042
-0.0692035
-0.0708716
-0.0726103
-0.0744232
-0.0763089
-0.0782058
-0.0797999
-0.0802248
-0.0780318
-0.0719305
-0.0620009
-0.0499966
-0.0377939
-0.0261713
-0.0149009
0.0083559
0.0204384
0.0322652
0.0435642
0.0545145
0.0761077
0.0864043
0.0961164
0.105373
0.123088
0.131133
0.145932
0.152781
0.159079
0.170492
0.18005
0.184286
0.191419
0.194643
0.19952
0.202824
0.204488
0.20411
