-0.00902517
-0.00902517
-0.00897696
-0.00897696
-0.00897696
-0.00888463
-0.00888463
-0.00875193
-0.00875193
-0.00858227
-0.00858227
-0.00837877
-0.00837877
-0.00837877
-0.00814431
-0.00814431
-0.00788157
-0.00788157
-0.00759306
-0.00759306
-0.00728111
-0.00728111
-0.00694794
-0.00694794
-0.00659565
-0.00622625
-0.00622625
-0.00584162
-0.00584162
-0.00544361
-0.00544361
-0.00503393
-0.00461425
-0.00461425
-0.00418617
-0.00375121
-0.00375121
-0.0033108
-0.00286633
-0.00286633
-0.00241909
-0.00197034
-0.00152123
-0.00152123
-0.00107287
-0.000626285
-0.000182485
0.00025754
0.00069298
0.00112335
0.00154821
0.00196698
0.00237897
0.00278361
0.00318042
0.00356906
0.00394954
0.00432352
0.00469938
0.00561976
0.00634854
0.00730783
0.00914143
0.00998132
0.0115882
0.0130637
0.0137523
0.0150314
0.0161807
0.0172025
0.0181005
0.0192261
0.0198371
0.0205597
0.0210693
0.0214554
