-0.0257544
-0.0257544
-0.0257579
-0.0257579
-0.0257579
-0.0257589
-0.0257589
-0.0257625
-0.0257625
-0.0257664
-0.0257664
-0.0257688
-0.0257688
-0.0257688
-0.0257685
-0.0257685
-0.0257639
-0.0257639
-0.0257543
-0.0257543
-0.0257381
-0.0257381
-0.0257143
-0.0257143
-0.0256819
-0.0256395
-0.0256395
-0.025586
-0.025586
-0.0255207
-0.0255207
-0.0254421
-0.0253523
-0.0253523
-0.0252455
-0.025125
-0.025125
-0.0249911
-0.0248354
-0.0248354
-0.0246664
-0.0244916
-0.0242548
-0.0242548
-0.0241165
-0.0237025
-0.0239887
-0.0236506
-0.022412
-0.0215535
-0.0202194
-0.0185523
-0.0162454
-0.0128814
-0.00725008
-0.00483139
0.00361338
0.00758149
0.0125405
0.0232003
0.0284824
0.0337271
0.0443514
0.0497013
0.0602111
0.0700305
0.0745829
0.082782
0.0896876
0.0952734
0.0995691
0.103716
0.105044
0.104842
0.102484
0.0967108
