-0.040466
-0.040466
-0.0408505
-0.0408505
-0.0408505
-0.0408076
-0.0408076
-0.0409713
-0.0409713
-0.0411841
-0.0411841
-0.041439
-0.041439
-0.041439
-0.0417329
-0.0417329
-0.0420627
-0.0420627
-0.0424253
-0.0424253
-0.0428179
-0.0428179
-0.0432381
-0.0432381
-0.0436834
-0.0441517
-0.0441517
-0.0446406
-0.0446406
-0.0451482
-0.0451482
-0.0456727
-0.0462121
-0.0462121
-0.0467648
-0.0473284
-0.0473284
-0.047898
-0.0484655
-0.0484655
-0.0490229
-0.0495562
-0.0499984
-0.0499984
-0.0501353
-0.0495372
-0.047628
-0.0439048
-0.0381649
-0.0305709
-0.0215225
-0.011464
-0.000766555
0.0102297
0.0212279
0.0320216
0.0424778
0.0524956
0.061992
0.0791944
0.0868398
0.0938355
0.105911
0.111024
0.119525
0.125904
0.128368
0.131978
0.134003
0.134631
0.134046
0.131288
0.128488
0.123446
0.118292
0.113393
