-0.030744
-0.030744
-0.0307602
-0.0307602
-0.0307602
-0.0307885
-0.0307885
-0.0308299
-0.0308299
-0.030883
-0.030883
-0.0309451
-0.0309451
-0.0309451
-0.0310156
-0.0310156
-0.0310927
-0.0310927
-0.0311753
-0.0311753
-0.0312619
-0.0312619
-0.0313514
-0.0313514
-0.0314427
-0.0315349
-0.0315349
-0.0316269
-0.0316269
-0.0317178
-0.0317178
-0.0318069
-0.0318932
-0.0318932
-0.0319761
-0.0320546
-0.0320546
-0.0321295
-0.0321947
-0.0321947
-0.032261
-0.0323129
-0.0324816
-0.0324816
-0.0323132
-0.0318585
-0.0313567
-0.030564
-0.0292705
-0.0271091
-0.023778
-0.0187892
-0.0115526
-0.00885474
0.00480477
0.0101993
0.0160606
0.0225099
0.029309
0.0438299
0.0511705
0.0582905
0.0715162
0.0774807
0.0880741
0.0966866
0.100126
0.105565
0.109061
0.110855
0.110776
0.108537
0.105664
0.0999548
0.0938951
0.0874968
