-0.0426228
-0.0426228
-0.0427289
-0.0427289
-0.0427289
-0.0429325
-0.0429325
-0.043226
-0.043226
-0.0436032
-0.0436032
-0.0440586
-0.0440586
-0.0440586
-0.0445876
-0.0445876
-0.0451859
-0.0451859
-0.04585
-0.04585
-0.0465765
-0.0465765
-0.0473626
-0.0473626
-0.0482055
-0.0491029
-0.0491029
-0.0500524
-0.0500524
-0.0510519
-0.0510519
-0.0520992
-0.0531926
-0.0531926
-0.0543315
-0.0555145
-0.0555145
-0.0567292
-0.0579564
-0.0579564
-0.0592253
-0.0606672
-0.0623914
-0.0623914
-0.0641517
-0.0651533
-0.0643556
-0.0610675
-0.0552951
-0.0475906
-0.0386094
-0.0287595
-0.018163
-0.00684021
0.0051065
0.0174177
0.0298577
0.042226
0.054339
0.0772364
0.0878215
0.0977466
0.115504
0.123324
0.136905
0.147913
0.152533
0.16018
0.165945
0.1701
0.172895
0.175005
0.175283
0.174338
0.171912
0.165245
