-0.0396811
-0.0397163
-0.0397163
-0.0397859
-0.0397859
-0.0398881
-0.0400219
-0.0400219
-0.0401862
-0.0403803
-0.0403803
-0.0406033
-0.0406033
-0.0408544
-0.0411329
-0.0411329
-0.0414382
-0.0417694
-0.0421262
-0.0421262
-0.0425082
-0.0429152
-0.0429152
-0.0433467
-0.0438027
-0.0442827
-0.0442827
-0.0447861
-0.0453128
-0.0458625
-0.0464361
-0.0464361
-0.047033
-0.0476524
-0.0482942
-0.0489579
-0.0496429
-0.0496429
-0.0503475
-0.0510678
-0.0517946
-0.0525058
-0.0531408
-0.0535864
-0.0537341
-0.0536572
-0.0530568
-0.0503826
-0.0448148
-0.0375534
-0.0293041
-0.0201285
-0.0105984
0.00820685
0.0298703
0.0345695
0.0434149
0.0544427
0.0712939
0.0792306
0.0863639
0.0934022
0.105133
0.11024
0.118785
0.122193
0.12526
0.129885
0.132876
0.133824
0.134795
0.13491
0.134557
0.133748
0.132651
0.13158
