-0.0211769
-0.0211769
-0.0212089
-0.0212089
-0.0212089
-0.0212691
-0.0212691
-0.0213559
-0.0213559
-0.0214675
-0.0214675
-0.021602
-0.021602
-0.021602
-0.021758
-0.021758
-0.0219343
-0.0219343
-0.0221296
-0.0221296
-0.022343
-0.022343
-0.0225734
-0.0225734
-0.0228201
-0.0230822
-0.0230822
-0.0233592
-0.0233592
-0.0236502
-0.0236502
-0.0239547
-0.0242722
-0.0242722
-0.024602
-0.0249437
-0.0249437
-0.0252967
-0.0256605
-0.0256605
-0.0260344
-0.026417
-0.0268053
-0.0268053
-0.0271911
-0.0275562
-0.0278619
-0.0280383
-0.0279749
-0.0275232
-0.0265151
-0.0247965
-0.0222644
-0.0188924
-0.0147325
-0.0098924
-0.00449867
0.00133478
0.00743741
0.0198838
0.0260885
0.0321983
0.0439306
0.0494722
0.0597675
0.0689168
0.0730489
0.0804424
0.0867288
0.0919965
0.0963478
0.101387
0.103902
0.10664
0.108379
0.109538
