-0.0423572
-0.0424033
-0.0424033
-0.0424933
-0.0424933
-0.0426256
-0.0427985
-0.0427985
-0.0430106
-0.0432605
-0.0432605
-0.0435471
-0.0435471
-0.0438694
-0.0442264
-0.0442264
-0.0446173
-0.0450413
-0.0454978
-0.0454978
-0.0459861
-0.0465058
-0.0465058
-0.0470562
-0.047637
-0.0482478
-0.0482478
-0.0488882
-0.0495579
-0.0502567
-0.0509843
-0.0509843
-0.0517405
-0.0525251
-0.053338
-0.054179
-0.0550481
-0.0550481
-0.0559453
-0.0568704
-0.0578234
-0.0588037
-0.0598121
-0.060857
-0.0619532
-0.0630415
-0.0637235
-0.062953
-0.0593163
-0.0521158
-0.0421757
-0.0311444
-0.0202236
0.000296794
0.0104631
0.0209051
0.031447
0.0417366
0.0611673
0.070561
0.0797391
0.0885573
0.104829
0.112527
0.126603
0.13297
0.139089
0.149919
0.159271
0.163289
0.170359
0.173434
0.178388
0.181979
0.184198
0.184862
