-0.00871928
-0.00871928
-0.00868013
-0.00868013
-0.00868013
-0.00860504
-0.00860504
-0.00849693
-0.00849693
-0.00835837
-0.00835837
-0.00819168
-0.00819168
-0.00819168
-0.00799897
-0.00799897
-0.00778217
-0.00778217
-0.00754306
-0.00754306
-0.00728331
-0.00728331
-0.00700448
-0.00700448
-0.00670805
-0.00639545
-0.00639545
-0.00606804
-0.00606804
-0.00572713
-0.00572713
-0.00537399
-0.00500985
-0.00500985
-0.00463591
-0.00425333
-0.00425333
-0.00386325
-0.00346675
-0.00346675
-0.00306489
-0.0026587
-0.00224918
-0.00224918
-0.00183734
-0.00142408
-0.00101013
-0.000596449
-0.000183942
0.000226554
0.00063429
0.00103887
0.00143996
0.00183712
0.00223004
0.00261809
0.00300169
0.00338479
0.00378388
0.00488786
0.00581228
0.00695618
0.00905845
0.0100578
0.0119492
0.013701
0.0145224
0.0160541
0.0174368
0.0186725
0.0197608
0.0211296
0.0218748
0.0227582
0.0233823
0.0238558
