-0.0476487
-0.0476487
-0.0478074
-0.0478074
-0.0478074
-0.0481125
-0.0481125
-0.0485542
-0.0485542
-0.0491245
-0.0491245
-0.0498168
-0.0498168
-0.0498168
-0.050626
-0.050626
-0.0515476
-0.0515476
-0.0525783
-0.0525783
-0.0537158
-0.0537158
-0.0549582
-0.0549582
-0.0563036
-0.0577507
-0.0577507
-0.0592984
-0.0592984
-0.060946
-0.060946
-0.0626941
-0.064542
-0.064542
-0.0664893
-0.0685354
-0.0685354
-0.0706814
-0.0729283
-0.0729283
-0.0752742
-0.0776986
-0.0800692
-0.0800692
-0.0818787
-0.0819084
-0.0784467
-0.0705935
-0.059608
-0.0479483
-0.0366271
-0.0248481
-0.012015
0.00147173
0.0149538
0.028181
0.0413391
0.0544807
0.0672472
0.0910151
0.102217
0.112773
0.131881
0.140561
0.155847
0.168716
0.17432
0.183724
0.190993
0.196456
0.200271
0.203041
0.203457
0.202431
0.198821
0.191832
