-0.0372614
-0.0372614
-0.0373349
-0.0373349
-0.0373349
-0.0374757
-0.0374757
-0.0376788
-0.0376788
-0.0379397
-0.0379397
-0.0382544
-0.0382544
-0.0382544
-0.0386192
-0.0386192
-0.0390316
-0.0390316
-0.0394881
-0.0394881
-0.039986
-0.039986
-0.0405235
-0.0405235
-0.0410982
-0.0417074
-0.0417074
-0.0423497
-0.0423497
-0.0430233
-0.0430233
-0.0437259
-0.0444556
-0.0444556
-0.0452107
-0.045989
-0.045989
-0.0467869
-0.047601
-0.047601
-0.0484437
-0.0492288
-0.0497637
-0.0497637
-0.0499454
-0.0498086
-0.0488822
-0.0463862
-0.0412892
-0.033806
-0.0259047
-0.0177968
-0.0101723
-0.00203182
0.0150574
0.0260344
0.0328471
0.045996
0.0557977
0.0737773
0.0816596
0.0889628
0.101678
0.106924
0.115427
0.121624
0.123968
0.127337
0.129227
0.129954
0.129807
0.128861
0.128025
0.126706
0.125355
0.123827
