-0.00940162
-0.00940162
-0.00935358
-0.00935358
-0.00935358
-0.00926194
-0.00926194
-0.00913016
-0.00913016
-0.0089615
-0.0089615
-0.00875899
-0.00875899
-0.00875899
-0.00852536
-0.00852536
-0.00826318
-0.00826318
-0.00797481
-0.00797481
-0.00766248
-0.00766248
-0.00732829
-0.00732829
-0.00697425
-0.00660223
-0.00660223
-0.00621408
-0.00621408
-0.00581154
-0.00581154
-0.00539628
-0.00496994
-0.00496994
-0.00453404
-0.0040901
-0.0040901
-0.00363954
-0.00318375
-0.00318375
-0.00272405
-0.00226169
-0.00179785
-0.00179785
-0.0013337
-0.000870213
-0.000408203
5.05548e-05
0.000505201
0.000955655
0.00140124
0.00184139
0.00227551
0.00270307
0.00312348
0.00353513
0.0039343
0.00431759
0.00469614
0.00578491
0.00670087
0.00771941
0.00968691
0.0106116
0.0123563
0.0139606
0.0147092
0.0160991
0.017347
0.0184557
0.0194296
0.0206495
0.0213112
0.0220936
0.0226451
0.023063
