-0.00936205
-0.00934085
-0.00934085
-0.00929957
-0.00929957
-0.00923902
-0.00916001
-0.00916001
-0.00906331
-0.00894967
-0.00894967
-0.00881973
-0.00881973
-0.00867417
-0.00851359
-0.00851359
-0.00833856
-0.00814965
-0.00794743
-0.00794743
-0.00773237
-0.00750498
-0.00750498
-0.00726581
-0.00701528
-0.00675389
-0.00675389
-0.00648214
-0.00620045
-0.0059093
-0.00560917
-0.00560917
-0.00530049
-0.00498374
-0.00465936
-0.00432781
-0.00398956
-0.00398956
-0.00364506
-0.00329477
-0.00293916
-0.00257867
-0.00221377
-0.00184491
-0.00147256
-0.00109718
-0.000719103
-0.000338799
4.28579e-05
0.000425305
0.000808622
0.00119257
0.00157665
0.00234426
0.00272699
0.00310844
0.00348677
0.0038576
0.00457671
0.00502553
0.00576941
0.00689947
0.00952366
0.0107305
0.0130468
0.0141321
0.0151666
0.0170743
0.0187566
0.0195104
0.0208398
0.0214146
0.0223842
0.0231157
0.0236137
0.0238828
