-0.0511667
-0.0512011
-0.0512516
-0.0513184
-0.0514013
-0.0516138
-0.0517429
-0.051887
-0.0520458
-0.0524067
-0.0526085
-0.0528242
-0.0532972
-0.0535541
-0.0538245
-0.0544053
-0.0547155
-0.0550389
-0.0557248
-0.0560872
-0.0568508
-0.0572519
-0.0576658
-0.0585321
-0.0589844
-0.0599274
-0.0604181
-0.0614379
-0.062509
-0.0630638
-0.0642122
-0.0648057
-0.0660316
-0.0673096
-0.0679681
-0.0693245
-0.0707333
-0.0721945
-0.0729454
-0.0744892
-0.0760679
-0.0776918
-0.0795906
-0.0816664
-0.0822206
-0.078739
-0.0707116
-0.0600671
-0.0486788
-0.0370456
-0.0250858
-0.0127937
-0.000231669
0.0189669
0.0319369
0.044956
0.0643676
0.0770679
0.0954527
0.107087
0.123325
0.133201
0.146407
0.157539
0.166514
0.173355
0.178007
0.180094
0.179399
0.176433
0.172241
0.167998
0.163882
0.162624
0.163951
0.164602
