-0.0285092
-0.0285028
-0.0284932
-0.0284805
-0.0284648
-0.0284243
-0.0283995
-0.0283717
-0.0283409
-0.0282701
-0.02823
-0.0281869
-0.028091
-0.0280382
-0.0279821
-0.0278598
-0.0277934
-0.0277236
-0.0275729
-0.0274919
-0.0273187
-0.0272262
-0.0271296
-0.0269241
-0.0268151
-0.0265837
-0.0264613
-0.0262026
-0.0259251
-0.0257789
-0.0254714
-0.02531
-0.0249712
-0.0246108
-0.0244224
-0.0240289
-0.0236121
-0.023172
-0.0229431
-0.0224666
-0.0219652
-0.0214379
-0.0208853
-0.0203068
-0.0197025
-0.0190725
-0.0184165
-0.0177324
-0.0170183
-0.0162714
-0.0155048
-0.0146649
-0.0134371
-0.00970591
-0.00544659
-6.12531e-05
0.00857067
0.0141604
0.0224422
0.0278348
0.0357052
0.040775
0.0480931
0.0550028
0.0614676
0.0674595
0.0729558
0.0779372
0.0823925
0.0863294
0.0897733
0.0925461
0.0947082
0.0966519
0.106758
0.0984895
