-0.0117169
-0.0117004
-0.0116684
-0.0116684
-0.0116214
-0.0115602
-0.0114853
-0.0113974
-0.0113974
-0.011297
-0.0111846
-0.0110606
-0.0109257
-0.0107801
-0.0107801
-0.0106244
-0.0104589
-0.0102841
-0.0101002
-0.00990777
-0.00970703
-0.00949835
-0.00928208
-0.00905855
-0.00882807
-0.00859096
-0.00834754
-0.00809809
-0.00784293
-0.00758235
-0.00704608
-0.00677096
-0.00649156
-0.00620816
-0.00592103
-0.00563043
-0.00503993
-0.00474054
-0.00443873
-0.00382886
-0.0035213
-0.0029021
-0.00259093
-0.00227903
-0.00165386
-0.00102832
-0.000715906
-9.28611e-05
0.000217312
0.000834176
0.00144578
0.00205072
0.00264776
0.00323585
0.00381388
0.00438144
0.00494057
0.00546698
0.00595681
0.00731008
0.00868528
0.0106941
0.0126
0.013812
0.015539
0.0176669
0.0191297
0.0204783
0.0221007
0.0235267
0.0247633
0.0260562
0.0269001
0.0278736
0.0284404
0.0289041
