-0.0264059
-0.026398
-0.0263748
-0.0263748
-0.0263442
-0.0263043
-0.0262556
-0.0261976
-0.0261976
-0.0261312
-0.0260547
-0.0259706
-0.025877
-0.0257734
-0.0257734
-0.0256645
-0.0255428
-0.0254147
-0.0252778
-0.0251268
-0.0249741
-0.0248012
-0.024634
-0.024446
-0.0242518
-0.0240566
-0.0238339
-0.0236147
-0.0233906
-0.0231343
-0.0226302
-0.022345
-0.0220706
-0.0217748
-0.0214647
-0.021185
-0.0205642
-0.0201754
-0.0196417
-0.0189828
-0.0183351
-0.0165071
-0.0187444
-0.0149695
-0.0145267
-0.0162851
-0.0133267
-0.0154477
-0.0122374
-0.0202337
-0.0111388
-0.0110639
-0.0134385
-0.00403179
-0.00342141
-0.000178871
0.00245136
0.0107834
0.018347
0.0209813
0.0275091
0.0344983
0.0365561
0.0402323
0.0483678
0.0583288
0.0629163
0.0675083
0.0735683
0.078908
0.0831488
0.0870363
0.0898316
0.0955075
0.0983725
0.0912405
