-0.0272964
-0.027301
-0.0273079
-0.0273169
-0.0273282
-0.0273569
-0.0273742
-0.0273934
-0.0274145
-0.0274619
-0.0274882
-0.027516
-0.0275762
-0.0276085
-0.0276421
-0.027713
-0.0277503
-0.0277886
-0.0278684
-0.0279097
-0.0279947
-0.0280383
-0.0280826
-0.0281729
-0.0282188
-0.0283118
-0.0283588
-0.0284534
-0.0285484
-0.0285959
-0.0286907
-0.0287378
-0.0288312
-0.0289231
-0.0289684
-0.0290571
-0.0291431
-0.0292259
-0.029266
-0.0293431
-0.0294157
-0.0294829
-0.0295431
-0.0295914
-0.0296148
-0.0295823
-0.0294315
-0.029056
-0.0283032
-0.0269921
-0.0249479
-0.0220442
-0.0182322
-0.0109107
-0.00513075
0.00121203
0.0114751
0.0185469
0.0291199
0.0359989
0.0459057
0.0521718
0.0609788
0.0690008
0.0761797
0.0824812
0.0878897
0.0924042
0.0960335
0.0987936
0.100706
0.101797
0.10204
0.10139
0.0996295
0.0973733
