-0.047134
-0.0471668
-0.0472309
-0.0472309
-0.0473248
-0.0474474
-0.0475975
-0.047774
-0.047774
-0.0479758
-0.0482021
-0.0484521
-0.0487248
-0.0490196
-0.0490196
-0.0493357
-0.0496726
-0.0500295
-0.0504059
-0.0508012
-0.0512149
-0.0516466
-0.0520957
-0.0525618
-0.0530445
-0.0535434
-0.054058
-0.0545881
-0.0551331
-0.0556928
-0.0568549
-0.0574566
-0.0580717
-0.0586998
-0.0593406
-0.0599939
-0.0613366
-0.0620256
-0.0627258
-0.0641591
-0.0648916
-0.0663873
-0.0671498
-0.0679204
-0.0694134
-0.0699724
-0.0689617
-0.0623028
-0.0571395
-0.0465125
-0.036027
-0.0242936
-0.0120473
0.000742557
0.014031
0.0274639
0.041079
0.0544835
0.0676717
0.0865112
0.0983511
0.114708
0.129276
0.137933
0.149258
0.161277
0.167942
0.172415
0.175798
0.17683
0.176061
0.173427
0.170572
0.165983
0.162502
0.158922
