-0.0498702
-0.0499019
-0.049949
-0.0500111
-0.0500879
-0.0502847
-0.0504043
-0.0505376
-0.0506843
-0.0510201
-0.0512096
-0.051412
-0.0518838
-0.0521048
-0.0523156
-0.0529929
-0.0531264
-0.0534981
-0.0542711
-0.0539976
-0.0547421
-0.0558805
-0.0555667
-0.0566149
-0.0575486
-0.0580642
-0.0576564
-0.0594216
-0.0606219
-0.061004
-0.0626608
-0.0616445
-0.062539
-0.0633986
-0.0663857
-0.0675399
-0.0683542
-0.0694512
-0.0698802
-0.0713969
-0.0729183
-0.0744754
-0.0760995
-0.0777493
-0.0789232
-0.0776728
-0.0687143
-0.0589806
-0.0475694
-0.0354935
-0.0230791
-0.0117458
-0.00212818
0.017931
0.0281604
0.0415033
0.0606326
0.0734186
0.0876773
0.0980004
0.116879
0.12563
0.137971
0.148984
0.158157
0.165632
0.171229
0.175089
0.177436
0.178078
0.176543
0.172951
0.166151
0.160635
0.154277
0.150385
