-0.0301417
-0.0284667
-0.0279958
-0.0279866
-0.027993
-0.0279555
-0.0279305
-0.0279028
-0.0278721
-0.0278017
-0.0277619
-0.0277191
-0.0276241
-0.0275718
-0.0275162
-0.0273952
-0.0273295
-0.0272604
-0.0271115
-0.0270316
-0.0268603
-0.0267688
-0.0266734
-0.0264702
-0.0263622
-0.0261333
-0.0260122
-0.025756
-0.0254808
-0.0253358
-0.0250306
-0.0248703
-0.0245335
-0.0241748
-0.0239871
-0.0235941
-0.0231775
-0.0227364
-0.0225065
-0.0220276
-0.0215225
-0.0209907
-0.0204315
-0.019845
-0.0192312
-0.0185851
-0.0178981
-0.0171814
-0.0164858
-0.015865
-0.0152704
-0.0144683
-0.0130882
-0.00923796
-0.00535561
-0.000612778
0.00744506
0.0130177
0.0212274
0.0265295
0.0342461
0.0392387
0.0464732
0.0533582
0.0598559
0.0659446
0.0716147
0.0768646
0.0816954
0.0861086
0.090097
0.0936276
0.0975922
0.100097
0.102972
0.103681
