-0.00725887
-0.00725161
-0.00724087
-0.0072267
-0.0072092
-0.00716443
-0.00713731
-0.00710712
-0.00707392
-0.00699873
-0.00695685
-0.00691219
-0.00681474
-0.00676205
-0.00670679
-0.00658871
-0.00652599
-0.00646087
-0.00632363
-0.00625159
-0.00610086
-0.00602226
-0.00594155
-0.00577396
-0.00568716
-0.00550772
-0.00541516
-0.00522455
-0.00502684
-0.00492542
-0.00471761
-0.00461131
-0.00439405
-0.00417086
-0.00405712
-0.00382554
-0.00358874
-0.00334699
-0.00322436
-0.00297574
-0.00272291
-0.00246615
-0.00220575
-0.00194201
-0.00167522
-0.00140568
-0.00113367
-0.00085949
-0.000583433
-0.000305773
-2.68553e-05
0.000252816
0.000533271
0.00095499
0.00123628
0.00151737
0.00193839
0.00222119
0.00269798
0.00317947
0.00447756
0.00561741
0.00732922
0.00897454
0.0105417
0.0120203
0.0134012
0.0146765
0.0158399
0.0168861
0.0178111
0.0186122
0.0194853
0.0199934
0.0204771
0.0207437
