-0.0505698
-0.0506518
-0.0507202
-0.0507202
-0.0508461
-0.0510106
-0.0512125
-0.0514502
-0.0514502
-0.0517226
-0.0520286
-0.0523671
-0.0527372
-0.053138
-0.053138
-0.0535688
-0.0540289
-0.0545175
-0.0550341
-0.0555781
-0.0561489
-0.056746
-0.0573691
-0.0580175
-0.058691
-0.0593891
-0.0601114
-0.0608575
-0.0616272
-0.06242
-0.0640739
-0.0649342
-0.0658164
-0.06672
-0.0676448
-0.0685903
-0.0705421
-0.0715486
-0.072575
-0.0746678
-0.0757292
-0.0780346
-0.0793622
-0.0807033
-0.0819886
-0.0786316
-0.0749416
-0.0650652
-0.0595185
-0.0477921
-0.0351091
-0.0213019
-0.00629634
0.00981452
0.0267906
0.0442771
0.0617944
0.0788602
0.0950553
0.117046
0.129898
0.146248
0.158922
0.165166
0.171574
0.17672
0.178708
0.179251
0.177998
0.175033
0.171154
0.1663
0.163204
0.160459
0.159882
0.163415
