-0.0260168
-0.0260224
-0.0260333
-0.0260333
-0.0260495
-0.0260705
-0.026096
-0.0261258
-0.0261258
-0.0261597
-0.0261973
-0.0262384
-0.0262826
-0.0263298
-0.0263298
-0.0263796
-0.0264319
-0.0264863
-0.0265427
-0.0266007
-0.0266602
-0.0267209
-0.0267827
-0.0268452
-0.0269083
-0.0269718
-0.0270355
-0.0270992
-0.0271627
-0.0272257
-0.02735
-0.0274109
-0.0274707
-0.0275293
-0.0275865
-0.0276422
-0.0277484
-0.0277987
-0.027847
-0.0279367
-0.0279779
-0.0280513
-0.0280822
-0.0281072
-0.0281271
-0.0280622
-0.0279686
-0.0275638
-0.0272023
-0.0260202
-0.0240516
-0.0211554
-0.0173028
-0.0125725
-0.00711027
-0.00107863
0.00540432
0.0122108
0.0192068
0.0297715
0.0367028
0.0467253
0.0561165
0.0619516
0.0699926
0.0793072
0.0852226
0.0902406
0.0956005
0.0995438
0.102193
0.103872
0.104051
0.102664
0.100302
0.0960865
