-0.048739
-0.0487673
-0.0488092
-0.0488645
-0.0489329
-0.049108
-0.0492143
-0.0493328
-0.0494632
-0.0497596
-0.0499251
-0.0501019
-0.0504891
-0.0506993
-0.0509202
-0.0513944
-0.0516474
-0.0519109
-0.0524691
-0.0527637
-0.0533835
-0.0537087
-0.054044
-0.0547447
-0.0551101
-0.0558709
-0.0562663
-0.0570869
-0.0579473
-0.0583924
-0.0593126
-0.0597877
-0.0607678
-0.0617882
-0.0623135
-0.0633945
-0.0645162
-0.0656791
-0.066276
-0.0675011
-0.0687682
-0.0700776
-0.07143
-0.0728303
-0.0741406
-0.0740047
-0.0692378
-0.0594211
-0.0483143
-0.0376676
-0.0266403
-0.0151045
-0.00364389
0.0138195
0.0254564
0.036946
0.0539708
0.0649442
0.0808611
0.0909316
0.105232
0.114102
0.126409
0.137404
0.147011
0.155205
0.16197
0.167305
0.171211
0.173684
0.174798
0.174519
0.17215
0.16955
0.166232
0.164181
