-0.0512711
-0.0513157
-0.0514044
-0.0514044
-0.0515338
-0.051703
-0.0519103
-0.0521545
-0.0521545
-0.052434
-0.0527482
-0.0530955
-0.0534754
-0.0538873
-0.0538873
-0.0543294
-0.0548019
-0.0553035
-0.0558337
-0.0563937
-0.0569817
-0.0575961
-0.0582376
-0.0589058
-0.0596004
-0.0603214
-0.0610653
-0.0618361
-0.0626345
-0.063457
-0.0651724
-0.066062
-0.0669795
-0.067923
-0.0688908
-0.0698798
-0.0719189
-0.0729766
-0.0740553
-0.0762804
-0.0774261
-0.0797949
-0.0809853
-0.0820541
-0.0830382
-0.0786024
-0.0738978
-0.0628296
-0.056659
-0.043366
-0.0291009
-0.0146885
-0.00247123
0.0189172
0.0338725
0.0519516
0.0680372
0.0853102
0.100667
0.123023
0.135882
0.152905
0.167132
0.174815
0.183111
0.190498
0.192685
0.191524
0.187102
0.180112
0.17141
0.160905
0.152737
0.141112
0.132388
0.123105
