-0.0483396
-0.0483769
-0.0484505
-0.0484505
-0.0485588
-0.0487003
-0.0488737
-0.0490778
-0.0490778
-0.0493115
-0.0495737
-0.0498636
-0.0501802
-0.0505227
-0.0505227
-0.0508905
-0.0512827
-0.0516987
-0.052138
-0.0525999
-0.0530839
-0.0535895
-0.0541162
-0.0546635
-0.0552311
-0.0558184
-0.056425
-0.0570506
-0.0576947
-0.058357
-0.0597345
-0.060449
-0.0611801
-0.0619275
-0.0626908
-0.0634697
-0.0650721
-0.0658951
-0.0667328
-0.0684464
-0.0693118
-0.0710875
-0.0720776
-0.0731756
-0.0751108
-0.0742877
-0.0720531
-0.0643054
-0.0594247
-0.0488618
-0.0375846
-0.0254838
-0.0124802
0.00146029
0.0162555
0.031722
0.0475572
0.0633884
0.0788378
0.100581
0.11376
0.131147
0.145391
0.153057
0.161938
0.1697
0.173117
0.174919
0.175388
0.174303
0.172326
0.169445
0.167269
0.164514
0.162515
0.160653
