-0.0302556
-0.0302496
-0.0302378
-0.0302378
-0.0302203
-0.0301972
-0.0301686
-0.0301343
-0.0301343
-0.0300944
-0.0300488
-0.0299973
-0.0299397
-0.0298761
-0.0298761
-0.029806
-0.0297294
-0.0296459
-0.0295555
-0.0294579
-0.0293529
-0.0292403
-0.0291197
-0.0289911
-0.0288542
-0.0287087
-0.0285546
-0.0283915
-0.0282193
-0.0280379
-0.0276458
-0.0274352
-0.0272151
-0.0269849
-0.0267445
-0.0264939
-0.0259611
-0.0256791
-0.0253873
-0.02477
-0.0244438
-0.0237642
-0.0234071
-0.0230409
-0.0222776
-0.0214733
-0.0210562
-0.0201922
-0.0197414
-0.0188068
-0.0178024
-0.0163864
-0.0138433
-0.00965647
-0.00415017
0.00177163
0.00761114
0.0134163
0.0192388
0.0278502
0.0334923
0.0417398
0.0496626
0.0547261
0.0619829
0.0708506
0.077011
0.0825176
0.0887703
0.0946225
0.0967741
0.102312
0.110694
0.121232
0.119605
0.107542
