-0.0318414
-0.0318574
-0.0318813
-0.0319128
-0.0319519
-0.0320519
-0.0321127
-0.0321805
-0.0322551
-0.0324246
-0.0325194
-0.0326206
-0.0328423
-0.0329627
-0.0330892
-0.033361
-0.033506
-0.033657
-0.0339772
-0.0341462
-0.034502
-0.0346887
-0.0348812
-0.0352839
-0.0354939
-0.0359315
-0.036159
-0.0366314
-0.037127
-0.0373836
-0.0379142
-0.0381883
-0.0387542
-0.0393436
-0.0396472
-0.0402724
-0.0409215
-0.0415949
-0.0419407
-0.0426507
-0.0433851
-0.0441431
-0.0449199
-0.0456987
-0.0464302
-0.0469992
-0.0471879
-0.0466694
-0.0450609
-0.0420344
-0.037432
-0.0313221
-0.0239603
-0.0112969
-0.00219358
0.00711101
0.0208975
0.0299289
0.0430516
0.0514239
0.0632915
0.0706886
0.0809514
0.0901773
0.098357
0.105508
0.111668
0.116886
0.121225
0.124751
0.127534
0.129651
0.131575
0.132452
0.133036
0.133161
