-0.0520566
-0.0520923
-0.0521452
-0.0522151
-0.0523015
-0.0525231
-0.0526576
-0.0528077
-0.0529732
-0.0533493
-0.0535596
-0.0537845
-0.0542778
-0.054546
-0.0548283
-0.0554352
-0.0557597
-0.0560981
-0.0568163
-0.0571963
-0.0579978
-0.0584193
-0.0588546
-0.059767
-0.0602441
-0.0612402
-0.0617594
-0.0628402
-0.0639783
-0.0645689
-0.0657939
-0.0664284
-0.0677417
-0.0691156
-0.0698255
-0.0712916
-0.0728205
-0.0744133
-0.0752341
-0.076925
-0.0786827
-0.0805085
-0.0823952
-0.0841107
-0.0841294
-0.079108
-0.0684862
-0.0565156
-0.0450391
-0.032968
-0.0203527
-0.00779299
0.00505688
0.0243997
0.0371838
0.0498891
0.0683304
0.0802794
0.0972727
0.108043
0.123027
0.132303
0.144896
0.155936
0.165406
0.173175
0.179278
0.183721
0.186514
0.18741
0.186401
0.183897
0.174683
0.163738
0.148453
0.138092
