-0.023183
-0.0280202
-0.0263093
-0.0263093
-0.0257495
-0.0257031
-0.0256801
-0.0256267
-0.0256267
-0.0255587
-0.0254818
-0.0253965
-0.0253025
-0.0251997
-0.0251997
-0.0250881
-0.0249677
-0.0248384
-0.0247002
-0.0245531
-0.0243969
-0.0242315
-0.024057
-0.0238732
-0.02368
-0.0234773
-0.0232652
-0.0230434
-0.022812
-0.0225708
-0.0220592
-0.0217886
-0.021508
-0.0212176
-0.0209172
-0.0206069
-0.0199565
-0.0196164
-0.0192665
-0.0185372
-0.0181579
-0.0173705
-0.016963
-0.0165464
-0.0156853
-0.0147802
-0.0143101
-0.0133515
-0.0128784
-0.0119827
-0.0111333
-0.0101506
-0.0087207
-0.0065545
-0.00353738
0.000238418
0.00454891
0.00914269
0.0138135
0.0207037
0.0251567
0.0316218
0.0378524
0.0418831
0.047744
0.0551983
0.0605013
0.065536
0.0717886
0.0774548
0.0824637
0.0876979
0.0910264
0.0946766
0.0966546
0.096437
