-0.0302289
-0.0302493
-0.0302885
-0.0302885
-0.0303463
-0.0304218
-0.0305143
-0.0306233
-0.0306233
-0.030748
-0.0308881
-0.031043
-0.0312122
-0.0313955
-0.0313955
-0.0315923
-0.0318024
-0.0320254
-0.0322611
-0.0325091
-0.0327693
-0.0330413
-0.033325
-0.0336202
-0.0339267
-0.0342443
-0.0345728
-0.034912
-0.0352619
-0.0356223
-0.0363739
-0.0367648
-0.0371657
-0.0375765
-0.0379969
-0.0384269
-0.0393153
-0.0397733
-0.0402405
-0.0412016
-0.041695
-0.042704
-0.0432157
-0.0437265
-0.0447036
-0.0454769
-0.0456943
-0.0455133
-0.0449873
-0.0427799
-0.0388298
-0.0331822
-0.0261353
-0.0180463
-0.00917496
0.000329874
0.0101824
0.0201123
0.0300087
0.0444642
0.0536577
0.0665515
0.0782035
0.0852367
0.0946765
0.105264
0.111812
0.117278
0.12307
0.127381
0.130452
0.132877
0.133928
0.134439
0.134233
0.133549
