-0.009877
-0.00986144
-0.00983105
-0.00983105
-0.00978652
-0.00972848
-0.00965758
-0.00957439
-0.00957439
-0.00947948
-0.00937338
-0.00925661
-0.00912966
-0.00899299
-0.00899299
-0.00884707
-0.00869233
-0.0085292
-0.00835808
-0.00817937
-0.00799346
-0.00780071
-0.0076015
-0.00739618
-0.00718508
-0.00696856
-0.00674693
-0.00652053
-0.00628966
-0.00605463
-0.0055733
-0.00532758
-0.00507886
-0.00482742
-0.00457353
-0.00431744
-0.00379972
-0.00353858
-0.00327622
-0.00274881
-0.00248419
-0.00195419
-0.0016892
-0.00142448
-0.000896585
-0.000371891
-0.000111203
0.00040596
0.000662305
0.00117013
0.00167046
0.00216233
0.00264492
0.00311751
0.00357947
0.00403029
0.00446951
0.00489704
0.00531681
0.0060637
0.00697276
0.00861713
0.0101143
0.0110673
0.0124223
0.0140928
0.015241
0.0162995
0.017573
0.0186925
0.0196637
0.0206795
0.021343
0.0221089
0.0225553
0.0229205
