-0.0110954
-0.0110832
-0.011065
-0.011041
-0.0110114
-0.0109358
-0.01089
-0.0108389
-0.0107828
-0.0106558
-0.010585
-0.0105096
-0.0103449
-0.0102559
-0.0101625
-0.00996306
-0.0098571
-0.0097471
-0.00951528
-0.0093936
-0.00913904
-0.00900631
-0.00887003
-0.00858711
-0.0084406
-0.0081378
-0.00798165
-0.00766017
-0.00732688
-0.00715597
-0.00680594
-0.00662696
-0.00626138
-0.00588607
-0.00569494
-0.00530606
-0.00490878
-0.00450366
-0.00429832
-0.00388244
-0.00346007
-0.00303176
-0.00259806
-0.00215954
-0.00171674
-0.00127023
-0.000820545
-0.000368253
8.59557e-05
0.000541528
0.000998156
0.00145533
0.00191243
0.00259678
0.00305139
0.00350395
0.00418075
0.00462522
0.00521906
0.00595224
0.00805962
0.00954165
0.0116784
0.0137135
0.015635
0.0174334
0.0191008
0.0206309
0.0220188
0.0232609
0.0243553
0.0253009
0.0263305
0.0269312
0.0275079
0.0278255
