-0.0121323
-0.0121155
-0.0120828
-0.0120828
-0.012035
-0.0119726
-0.0118962
-0.0118066
-0.0118066
-0.0117041
-0.0115894
-0.011463
-0.0113252
-0.0111767
-0.0111767
-0.0110177
-0.0108485
-0.0106703
-0.0104823
-0.0102853
-0.0100809
-0.00986734
-0.00964571
-0.00941806
-0.00918214
-0.00893913
-0.00869081
-0.0084355
-0.00817417
-0.00790775
-0.00735877
-0.00707715
-0.00679107
-0.00650083
-0.00620674
-0.00590904
-0.00530397
-0.00499711
-0.00468773
-0.00406239
-0.00374694
-0.0031117
-0.00279238
-0.00247224
-0.0018304
-0.00118791
-0.000866958
-0.000226292
9.22855e-05
0.000726406
0.00135568
0.00197879
0.00259434
0.00320118
0.00379828
0.00438534
0.00496047
0.00551125
0.0060636
0.00752499
0.00902115
0.0111316
0.0131359
0.014413
0.0162322
0.0184734
0.0200141
0.0214344
0.0231429
0.0246442
0.0259458
0.0273059
0.0281931
0.0292158
0.0298106
0.030296
