-0.0134159
-0.0134029
-0.0133836
-0.0133583
-0.0133269
-0.0132467
-0.0131977
-0.0131439
-0.0130846
-0.01295
-0.012876
-0.0127865
-0.0126242
-0.0125056
-0.0124268
-0.0121906
-0.0121027
-0.0119599
-0.011804
-0.0114587
-0.0113924
-0.0110247
-0.0110803
-0.0105459
-0.0106306
-0.0100489
-0.0101074
-0.00966956
-0.0093186
-0.00912714
-0.00874018
-0.00853938
-0.00813054
-0.00770839
-0.00749291
-0.00705292
-0.00660156
-0.00613929
-0.00590422
-0.00542655
-0.00493928
-0.00444294
-0.00393809
-0.00342529
-0.00290512
-0.00237815
-0.00184501
-0.00130625
-0.000762479
-0.000214307
0.000336799
0.000891075
0.00144826
0.00228823
0.00284988
0.00341246
0.00425523
0.00479963
0.00583074
0.00735151
0.0103785
0.012276
0.0150413
0.0176684
0.0201489
0.0224682
0.0246168
0.0265867
0.0283719
0.0299683
0.0313734
0.0325863
0.0339056
0.0346744
0.0354114
0.0358293
