-0.0519126
-0.0519595
-0.0520512
-0.0520512
-0.0521858
-0.0523616
-0.0525772
-0.0528311
-0.0528311
-0.0531222
-0.0534492
-0.0538113
-0.0542074
-0.0546368
-0.0546368
-0.0550986
-0.0555921
-0.0561169
-0.0566727
-0.0572587
-0.0578746
-0.0585199
-0.0591942
-0.0598973
-0.0606289
-0.0613886
-0.0621763
-0.0629917
-0.0638345
-0.0647043
-0.0665258
-0.0674773
-0.0684556
-0.0694607
-0.0704924
-0.0715505
-0.0737459
-0.0748824
-0.0760453
-0.0784501
-0.0796913
-0.0822377
-0.0835025
-0.0846485
-0.085359
-0.0804236
-0.0752678
-0.0631057
-0.0572686
-0.0447617
-0.0305601
-0.0157175
0.000188265
0.0165633
0.0333331
0.0501161
0.0666297
0.0827533
0.0981174
0.119669
0.132787
0.150579
0.165978
0.174891
0.186325
0.197912
0.203068
0.203572
0.202051
0.196743
0.187611
0.172787
0.159915
0.141445
0.128331
0.115197
