-0.0114685
-0.0114561
-0.0114375
-0.0114131
-0.0113829
-0.0113057
-0.0112589
-0.0112068
-0.0111495
-0.0110197
-0.0109475
-0.0108704
-0.0107022
-0.0106113
-0.0105159
-0.010312
-0.0102038
-0.0100914
-0.0098545
-0.00973015
-0.00947002
-0.00933438
-0.00919511
-0.00890597
-0.00875624
-0.00844677
-0.00828718
-0.00795861
-0.00761796
-0.00744328
-0.00708551
-0.00690257
-0.00652889
-0.00614527
-0.00594989
-0.00555237
-0.00514625
-0.00473208
-0.00452215
-0.00409694
-0.00366506
-0.00322706
-0.00278351
-0.00233495
-0.00188196
-0.00142508
-0.000964882
-0.000501901
-3.68736e-05
0.000429539
0.000897137
0.0013657
0.00183455
0.00253712
0.00300424
0.00346976
0.00416401
0.00462474
0.0053591
0.00609329
0.00833523
0.00992432
0.0121578
0.014281
0.0162935
0.0181797
0.0199282
0.0215326
0.0229878
0.0242901
0.0254373
0.0264283
0.0275071
0.0281363
0.02874
0.0290824
