-0.00694122
-0.00693205
-0.00691411
-0.00691411
-0.00688782
-0.00685354
-0.00681164
-0.00676244
-0.00676244
-0.00670626
-0.0066434
-0.00657414
-0.00649874
-0.00641748
-0.00641748
-0.00633058
-0.0062383
-0.00614084
-0.00603845
-0.00593131
-0.00581965
-0.00570365
-0.00558351
-0.00545942
-0.00533156
-0.0052001
-0.00506523
-0.00492711
-0.00478591
-0.0046418
-0.00434546
-0.00419355
-0.00403935
-0.00388301
-0.00372468
-0.0035645
-0.00323916
-0.00307428
-0.00290811
-0.00257239
-0.00240311
-0.00206233
-0.00189106
-0.00171937
-0.00137516
-0.00103057
-0.000858395
-0.000514762
-0.000343492
-2.58077e-06
0.000335345
0.000670211
0.00100141
0.00132829
0.00165035
0.00196718
0.00227865
0.00258727
0.00291096
0.00359631
0.00434692
0.00572673
0.00708291
0.0079533
0.0092041
0.0107627
0.0118456
0.0128524
0.0140744
0.0151586
0.0161067
0.0171056
0.0177619
0.0185223
0.0189656
0.0193246
