-0.0251076
-0.0250975
-0.0250838
-0.025066
-0.0250439
-0.0249869
-0.0249524
-0.0249146
-0.0248691
-0.0247763
-0.0247243
-0.0246737
-0.0244633
-0.024555
-0.0243383
-0.0242098
-0.0243842
-0.0238254
-0.0235684
-0.0238575
-0.0235162
-0.0236222
-0.0233972
-0.0232207
-0.0227089
-0.019501
-0.0276397
-0.0211784
-0.0259587
-0.0202506
-0.0197382
-0.0193968
-0.0187906
-0.02093
-0.0191243
-0.019864
-0.0189894
-0.0188374
-0.0184841
-0.0178312
-0.017202
-0.0165822
-0.0163504
-0.0169814
-0.0197415
-0.0127171
-0.0122964
-0.0137352
-0.00624274
-0.00794179
-0.0155574
-0.0111996
-0.00769234
-0.00407799
-0.00311199
-0.0016984
0.00802025
0.0120709
0.00973616
0.0171994
0.0282954
0.0363918
0.0386826
0.0440661
0.0511083
0.0566974
0.0627557
0.0679026
0.0703292
0.0720092
0.0761379
0.0794512
0.0821106
0.0829469
0.0868878
0.0854458
