-0.0509947
-0.0510287
-0.051079
-0.0511455
-0.0512278
-0.0514388
-0.051567
-0.0517102
-0.0518687
-0.0522309
-0.0524396
-0.0526664
-0.0531457
-0.0534011
-0.0536847
-0.0544087
-0.0543468
-0.0549471
-0.0554798
-0.0559437
-0.0564985
-0.0572456
-0.0572271
-0.0581557
-0.0589975
-0.059689
-0.0595146
-0.0608651
-0.0621024
-0.0630131
-0.0642263
-0.064021
-0.06545
-0.0668877
-0.0674991
-0.0686986
-0.0701935
-0.071728
-0.072472
-0.0740215
-0.0756446
-0.0773298
-0.07911
-0.0808541
-0.0817607
-0.0777211
-0.06797
-0.0574662
-0.0455762
-0.0328748
-0.020156
-0.0089751
-2.02346e-05
0.0214429
0.0336645
0.0485663
0.0577769
0.0776747
0.0961521
0.105723
0.121971
0.131255
0.143621
0.154376
0.163289
0.170376
0.175602
0.179577
0.184467
0.187084
0.184232
0.176631
0.163707
0.154152
0.142774
0.135276
