-0.0266727
-0.0266858
-0.0267109
-0.0267109
-0.0267479
-0.0267962
-0.0268553
-0.0269248
-0.0269248
-0.0270042
-0.0270932
-0.0271914
-0.0272985
-0.0274142
-0.0274142
-0.0275381
-0.0276699
-0.0278095
-0.0279564
-0.0281106
-0.0282718
-0.0284397
-0.0286141
-0.0287949
-0.0289818
-0.0291747
-0.0293734
-0.0295777
-0.0297875
-0.0300025
-0.0304479
-0.0306779
-0.0309125
-0.0311518
-0.0313954
-0.0316433
-0.0321515
-0.0324114
-0.0326751
-0.0332131
-0.0334873
-0.0340449
-0.0343279
-0.0346129
-0.0351831
-0.035725
-0.0359605
-0.0362518
-0.0362363
-0.0356416
-0.033948
-0.0308604
-0.0263536
-0.0206654
-0.0141353
-0.00703126
0.000515036
0.00836321
0.016375
0.0285048
0.0365188
0.0481933
0.0592179
0.0661104
0.0756744
0.086901
0.0941777
0.100518
0.107622
0.113345
0.117871
0.122115
0.124578
0.127058
0.128277
0.12909
