-0.0477898
-0.0478165
-0.0478562
-0.0479088
-0.047974
-0.0481411
-0.0482426
-0.0483557
-0.0484803
-0.0487631
-0.048921
-0.0490897
-0.0494588
-0.049659
-0.0498695
-0.0503207
-0.0505613
-0.0508117
-0.0513417
-0.0516211
-0.0522083
-0.052516
-0.0528331
-0.0534948
-0.0538395
-0.054556
-0.0549278
-0.0556982
-0.0565041
-0.0569202
-0.0577789
-0.0582212
-0.0591319
-0.060077
-0.0605623
-0.0615584
-0.0625882
-0.0636512
-0.0641949
-0.0653077
-0.0664553
-0.0676167
-0.0688055
-0.0702308
-0.0717851
-0.071986
-0.0686897
-0.061408
-0.0517109
-0.0412679
-0.0306385
-0.0197966
-0.00873087
0.00818016
0.019588
0.0310526
0.0482383
0.0595976
0.0763104
0.0871193
0.102627
0.112378
0.125937
0.138025
0.148461
0.157078
0.163719
0.168365
0.171191
0.172489
0.172638
0.172064
0.170859
0.169974
0.168689
0.165597
