-0.0280433
-0.0280534
-0.0280683
-0.0280881
-0.0281126
-0.0281754
-0.0282135
-0.0282559
-0.0283026
-0.0284084
-0.0284674
-0.0285304
-0.028668
-0.0287425
-0.0288207
-0.028988
-0.029077
-0.0291696
-0.029365
-0.0294677
-0.0296832
-0.0297959
-0.0299117
-0.0301528
-0.030278
-0.0305377
-0.030672
-0.0309495
-0.0312386
-0.0313875
-0.0316937
-0.0318509
-0.0321736
-0.032507
-0.0326777
-0.0330269
-0.0333863
-0.0337558
-0.0339443
-0.0343285
-0.0347223
-0.0351253
-0.0355372
-0.0359565
-0.0363777
-0.0367823
-0.0371183
-0.0372673
-0.037014
-0.0360513
-0.0340478
-0.0307614
-0.026137
-0.0170654
-0.0100241
-0.00250996
0.00915583
0.0169506
0.0285332
0.0360978
0.047078
0.0540876
0.0640448
0.0732533
0.0816553
0.0892235
0.0959554
0.101867
0.10699
0.111363
0.115035
0.118055
0.121161
0.122869
0.124416
0.125239
