-0.0490631
-0.0491019
-0.0491781
-0.0491781
-0.0492899
-0.049436
-0.0496148
-0.0498254
-0.0498254
-0.0500664
-0.0503369
-0.0506362
-0.050963
-0.0513169
-0.0513169
-0.051697
-0.0521024
-0.0525331
-0.0529879
-0.0534667
-0.0539688
-0.0544935
-0.0550414
-0.0556103
-0.0562017
-0.0568146
-0.0574473
-0.0581024
-0.0587765
-0.0594715
-0.0609205
-0.061675
-0.0624478
-0.0632403
-0.0640518
-0.0648816
-0.066597
-0.0674823
-0.0683853
-0.0702445
-0.0712001
-0.0731692
-0.0741846
-0.0751742
-0.0767126
-0.0754737
-0.0730263
-0.0625225
-0.0575535
-0.0459952
-0.0333269
-0.0200575
-0.00693687
0.00468345
0.0202897
0.0382918
0.0550652
0.0707258
0.0844269
0.107346
0.119721
0.136736
0.151697
0.160048
0.169548
0.177092
0.179872
0.180957
0.179977
0.17699
0.172646
0.166126
0.160572
0.152356
0.146263
0.140053
